Global Stiffness Matrix
 5.82247e+08 -1.53025e+08    5.175e+06 -3.11224e+08            0            0            0            0            0 -2.71022e+08  1.53025e+08    5.175e+06            0            0            0            0            0            0            0            0            0
-1.53025e+08  9.82057e+07  1.67259e+07            0 -3.88125e+06   7.7625e+06            0            0            0  1.53025e+08 -9.43244e+07  8.96337e+06            0            0            0            0            0            0            0            0            0
   5.175e+06  1.67259e+07  4.46023e+07            0  -7.7625e+06    1.035e+07            0            0            0   -5.175e+06 -8.96337e+06  1.19512e+07            0            0            0            0            0            0            0            0            0
-3.11224e+08            0            0  8.82066e+08     1.23e+08  3.36126e+07 -8.07172e+07  1.33084e+08  6.72253e+06   -1.789e+08 -2.56083e+08  2.68901e+07            0            0            0 -3.11224e+08            0            0            0            0            0
           0 -3.88125e+06  -7.7625e+06     1.23e+08  7.16751e+08 -1.16438e+07  1.33084e+08 -2.34389e+08  3.88125e+06 -2.56083e+08 -4.74599e+08  -1.5525e+07            0            0            0            0 -3.88125e+06   7.7625e+06            0            0            0
           0   7.7625e+06    1.035e+07  3.36126e+07 -1.16438e+07    1.035e+08 -6.72253e+06 -3.88125e+06    1.035e+07 -2.68901e+07   1.5525e+07     2.07e+07            0            0            0            0  -7.7625e+06    1.035e+07            0            0            0
           0            0            0 -8.07172e+07  1.33084e+08 -6.72253e+06  7.03479e+08 -2.98023e-08 -2.37951e+07 -2.71022e+08  1.53025e+08   -5.175e+06            0            0            0 -8.07172e+07 -1.33084e+08 -6.72253e+06 -2.71022e+08 -1.53025e+08   -5.175e+06
           0            0            0  1.33084e+08 -2.34389e+08 -3.88125e+06            0  6.57426e+08            0  1.53025e+08 -9.43244e+07 -8.96337e+06            0            0            0 -1.33084e+08 -2.34389e+08  3.88125e+06 -1.53025e+08 -9.43244e+07  8.96337e+06
           0            0            0  6.72253e+06  3.88125e+06    1.035e+07 -2.37951e+07            0  8.92046e+07    5.175e+06  8.96337e+06  1.19512e+07            0            0            0  6.72253e+06 -3.88125e+06    1.035e+07    5.175e+06 -8.96337e+06  1.19512e+07
-2.71022e+08  1.53025e+08   -5.175e+06   -1.789e+08 -2.56083e+08 -2.68901e+07 -2.71022e+08  1.53025e+08    5.175e+06  7.20945e+08  -4.9966e+07 -2.68901e+07            0            0            0            0            0            0            0            0            0
 1.53025e+08 -9.43244e+07 -8.96337e+06 -2.56083e+08 -4.74599e+08   1.5525e+07  1.53025e+08 -9.43244e+07  8.96337e+06  -4.9966e+07  6.63248e+08   1.5525e+07            0            0            0            0            0            0            0            0            0
   5.175e+06  8.96337e+06  1.19512e+07  2.68901e+07  -1.5525e+07     2.07e+07   -5.175e+06 -8.96337e+06  1.19512e+07 -2.68901e+07   1.5525e+07  8.92046e+07            0            0            0            0            0            0            0            0            0
           0            0            0            0            0            0            0            0            0            0            0            0  5.82247e+08  1.53025e+08    5.175e+06 -3.11224e+08            0            0 -2.71022e+08 -1.53025e+08    5.175e+06
           0            0            0            0            0            0            0            0            0            0            0            0  1.53025e+08  9.82057e+07 -1.67259e+07            0 -3.88125e+06  -7.7625e+06 -1.53025e+08 -9.43244e+07 -8.96337e+06
           0            0            0            0            0            0            0            0            0            0            0            0    5.175e+06 -1.67259e+07  4.46023e+07            0   7.7625e+06    1.035e+07   -5.175e+06  8.96337e+06  1.19512e+07
           0            0            0 -3.11224e+08            0            0 -8.07172e+07 -1.33084e+08  6.72253e+06            0            0            0 -3.11224e+08            0            0  8.82066e+08    -1.23e+08  3.36126e+07   -1.789e+08  2.56083e+08  2.68901e+07
           0            0            0            0 -3.88125e+06  -7.7625e+06 -1.33084e+08 -2.34389e+08 -3.88125e+06            0            0            0            0 -3.88125e+06   7.7625e+06    -1.23e+08  7.16751e+08  1.16438e+07  2.56083e+08 -4.74599e+08   1.5525e+07
           0            0            0            0   7.7625e+06    1.035e+07 -6.72253e+06  3.88125e+06    1.035e+07            0            0            0            0  -7.7625e+06    1.035e+07  3.36126e+07  1.16438e+07    1.035e+08 -2.68901e+07  -1.5525e+07     2.07e+07
           0            0            0            0            0            0 -2.71022e+08 -1.53025e+08    5.175e+06            0            0            0 -2.71022e+08 -1.53025e+08   -5.175e+06   -1.789e+08  2.56083e+08 -2.68901e+07  7.20945e+08   4.9966e+07 -2.68901e+07
           0            0            0            0            0            0 -1.53025e+08 -9.43244e+07 -8.96337e+06            0            0            0 -1.53025e+08 -9.43244e+07  8.96337e+06  2.56083e+08 -4.74599e+08  -1.5525e+07   4.9966e+07  6.63248e+08  -1.5525e+07
           0            0            0            0            0            0   -5.175e+06  8.96337e+06  1.19512e+07            0            0            0    5.175e+06 -8.96337e+06  1.19512e+07  2.68901e+07   1.5525e+07     2.07e+07 -2.68901e+07  -1.5525e+07  8.92046e+07

Global Point Mass Matrix
  0   0   0   0   0   0   0   0   0   0   0   0   0   0   0   0   0   0   0   0   0
  0   0   0   0   0   0   0   0   0   0   0   0   0   0   0   0   0   0   0   0   0
  0   0   0   0   0   0   0   0   0   0   0   0   0   0   0   0   0   0   0   0   0
  0   0   0 100   0   0   0   0   0   0   0   0   0   0   0   0   0   0   0   0   0
  0   0   0   0 100   0   0   0   0   0   0   0   0   0   0   0   0   0   0   0   0
  0   0   0   0   0 100   0   0   0   0   0   0   0   0   0   0   0   0   0   0   0
  0   0   0   0   0   0 100   0   0   0   0   0   0   0   0   0   0   0   0   0   0
  0   0   0   0   0   0   0 100   0   0   0   0   0   0   0   0   0   0   0   0   0
  0   0   0   0   0   0   0   0 100   0   0   0   0   0   0   0   0   0   0   0   0
  0   0   0   0   0   0   0   0   0 100   0   0   0   0   0   0   0   0   0   0   0
  0   0   0   0   0   0   0   0   0   0 100   0   0   0   0   0   0   0   0   0   0
  0   0   0   0   0   0   0   0   0   0   0 100   0   0   0   0   0   0   0   0   0
  0   0   0   0   0   0   0   0   0   0   0   0   0   0   0   0   0   0   0   0   0
  0   0   0   0   0   0   0   0   0   0   0   0   0   0   0   0   0   0   0   0   0
  0   0   0   0   0   0   0   0   0   0   0   0   0   0   0   0   0   0   0   0   0
  0   0   0   0   0   0   0   0   0   0   0   0   0   0   0 100   0   0   0   0   0
  0   0   0   0   0   0   0   0   0   0   0   0   0   0   0   0 100   0   0   0   0
  0   0   0   0   0   0   0   0   0   0   0   0   0   0   0   0   0 100   0   0   0
  0   0   0   0   0   0   0   0   0   0   0   0   0   0   0   0   0   0 100   0   0
  0   0   0   0   0   0   0   0   0   0   0   0   0   0   0   0   0   0   0 100   0
  0   0   0   0   0   0   0   0   0   0   0   0   0   0   0   0   0   0   0   0 100

Global Consistent Mass Matrix
 0.000118714  2.69083e-06  1.47996e-05  3.13931e-05            0            0            0            0            0  2.56336e-05 -2.69083e-06 -8.74521e-06            0            0            0            0            0            0            0            0            0
 2.69083e-06  0.000128997  6.50992e-05            0  2.42175e-05 -2.33206e-05            0            0            0 -2.69083e-06  2.25265e-05 -1.51472e-05            0            0            0            0            0            0            0            0            0
 1.47996e-05  6.50992e-05  4.73449e-05            0  2.33206e-05 -2.15267e-05            0            0            0  8.74521e-06  1.51472e-05  -1.3982e-05            0            0            0            0            0            0            0            0            0
 3.13931e-05            0            0  0.000227824  1.55355e-06  4.27227e-05  2.60114e-05 -3.10711e-06 -2.01962e-05  1.30057e-05  1.55355e-06 -5.04905e-06            0            0            0  3.13931e-05            0            0            0            0            0
           0  2.42175e-05  2.33206e-05  1.55355e-06  0.000236793  1.47996e-05 -3.10711e-06  2.95992e-05 -1.16603e-05  1.55355e-06  1.47996e-05  2.91507e-06            0            0            0            0  2.42175e-05 -2.33206e-05            0            0            0
           0 -2.33206e-05 -2.15267e-05  4.27227e-05  1.47996e-05  8.96945e-05  2.01962e-05  1.16603e-05 -2.15267e-05  5.04905e-06 -2.91507e-06 -2.69083e-06            0            0            0            0  2.33206e-05 -2.15267e-05            0            0            0
           0            0            0  2.60114e-05 -3.10711e-06  2.01962e-05  0.000248192            0 -9.79555e-05  2.56336e-05 -2.69083e-06  8.74521e-06            0            0            0  2.60114e-05  3.10711e-06  2.01962e-05  2.56336e-05  2.69083e-06  8.74521e-06
           0            0            0 -3.10711e-06  2.95992e-05  1.16603e-05            0   0.00024723 -3.38813e-21 -2.69083e-06  2.25265e-05  1.51472e-05            0            0            0  3.10711e-06  2.95992e-05 -1.16603e-05  2.69083e-06  2.25265e-05 -1.51472e-05
           0            0            0 -2.01962e-05 -1.16603e-05 -2.15267e-05 -9.79555e-05 -3.38813e-21  9.46897e-05 -8.74521e-06 -1.51472e-05  -1.3982e-05            0            0            0 -2.01962e-05  1.16603e-05 -2.15267e-05 -8.74521e-06  1.51472e-05  -1.3982e-05
 2.56336e-05 -2.69083e-06  8.74521e-06  1.30057e-05  1.55355e-06  5.04905e-06  2.56336e-05 -2.69083e-06 -8.74521e-06   0.00014594  3.82811e-06 -8.54454e-06            0            0            0            0            0            0            0            0            0
-2.69083e-06  2.25265e-05  1.51472e-05  1.55355e-06  1.47996e-05 -2.91507e-06 -2.69083e-06  2.25265e-05 -1.51472e-05  3.82811e-06   0.00015036   4.9332e-06            0            0            0            0            0            0            0            0            0
-8.74521e-06 -1.51472e-05  -1.3982e-05 -5.04905e-06  2.91507e-06 -2.69083e-06  8.74521e-06  1.51472e-05  -1.3982e-05 -8.54454e-06   4.9332e-06  4.08731e-05            0            0            0            0            0            0            0            0            0
           0            0            0            0            0            0            0            0            0            0            0            0  0.000118714 -2.69083e-06  1.47996e-05  3.13931e-05            0            0  2.56336e-05  2.69083e-06 -8.74521e-06
           0            0            0            0            0            0            0            0            0            0            0            0 -2.69083e-06  0.000128997 -6.50992e-05            0  2.42175e-05  2.33206e-05  2.69083e-06  2.25265e-05  1.51472e-05
           0            0            0            0            0            0            0            0            0            0            0            0  1.47996e-05 -6.50992e-05  4.73449e-05            0 -2.33206e-05 -2.15267e-05  8.74521e-06 -1.51472e-05  -1.3982e-05
           0            0            0  3.13931e-05            0            0  2.60114e-05  3.10711e-06 -2.01962e-05            0            0            0  3.13931e-05            0            0  0.000227824 -1.55355e-06  4.27227e-05  1.30057e-05 -1.55355e-06 -5.04905e-06
           0            0            0            0  2.42175e-05  2.33206e-05  3.10711e-06  2.95992e-05  1.16603e-05            0            0            0            0  2.42175e-05 -2.33206e-05 -1.55355e-06  0.000236793 -1.47996e-05 -1.55355e-06  1.47996e-05 -2.91507e-06
           0            0            0            0 -2.33206e-05 -2.15267e-05  2.01962e-05 -1.16603e-05 -2.15267e-05            0            0            0            0  2.33206e-05 -2.15267e-05  4.27227e-05 -1.47996e-05  8.96945e-05  5.04905e-06  2.91507e-06 -2.69083e-06
           0            0            0            0            0            0  2.56336e-05  2.69083e-06 -8.74521e-06            0            0            0  2.56336e-05  2.69083e-06  8.74521e-06  1.30057e-05 -1.55355e-06  5.04905e-06   0.00014594 -3.82811e-06 -8.54454e-06
           0            0            0            0            0            0  2.69083e-06  2.25265e-05  1.51472e-05            0            0            0  2.69083e-06  2.25265e-05 -1.51472e-05 -1.55355e-06  1.47996e-05  2.91507e-06 -3.82811e-06   0.00015036  -4.9332e-06
           0            0            0            0            0            0  8.74521e-06 -1.51472e-05  -1.3982e-05            0            0            0 -8.74521e-06  1.51472e-05  -1.3982e-05 -5.04905e-06 -2.91507e-06 -2.69083e-06 -8.54454e-06  -4.9332e-06  4.08731e-05

Global DOF Matrix
0
0
1
1
1
1
1
1
1
1
1
1
1
0
1
1
1
1
1
1
1

Reduced Global Stiffness Matrix
 4.46023e+07            0  -7.7625e+06    1.035e+07            0            0            0   -5.175e+06 -8.96337e+06  1.19512e+07            0            0            0            0            0            0            0            0
           0  8.82066e+08     1.23e+08  3.36126e+07 -8.07172e+07  1.33084e+08  6.72253e+06   -1.789e+08 -2.56083e+08  2.68901e+07            0            0 -3.11224e+08            0            0            0            0            0
 -7.7625e+06     1.23e+08  7.16751e+08 -1.16438e+07  1.33084e+08 -2.34389e+08  3.88125e+06 -2.56083e+08 -4.74599e+08  -1.5525e+07            0            0            0 -3.88125e+06   7.7625e+06            0            0            0
   1.035e+07  3.36126e+07 -1.16438e+07    1.035e+08 -6.72253e+06 -3.88125e+06    1.035e+07 -2.68901e+07   1.5525e+07     2.07e+07            0            0            0  -7.7625e+06    1.035e+07            0            0            0
           0 -8.07172e+07  1.33084e+08 -6.72253e+06  7.03479e+08 -2.98023e-08 -2.37951e+07 -2.71022e+08  1.53025e+08   -5.175e+06            0            0 -8.07172e+07 -1.33084e+08 -6.72253e+06 -2.71022e+08 -1.53025e+08   -5.175e+06
           0  1.33084e+08 -2.34389e+08 -3.88125e+06            0  6.57426e+08            0  1.53025e+08 -9.43244e+07 -8.96337e+06            0            0 -1.33084e+08 -2.34389e+08  3.88125e+06 -1.53025e+08 -9.43244e+07  8.96337e+06
           0  6.72253e+06  3.88125e+06    1.035e+07 -2.37951e+07            0  8.92046e+07    5.175e+06  8.96337e+06  1.19512e+07            0            0  6.72253e+06 -3.88125e+06    1.035e+07    5.175e+06 -8.96337e+06  1.19512e+07
  -5.175e+06   -1.789e+08 -2.56083e+08 -2.68901e+07 -2.71022e+08  1.53025e+08    5.175e+06  7.20945e+08  -4.9966e+07 -2.68901e+07            0            0            0            0            0            0            0            0
-8.96337e+06 -2.56083e+08 -4.74599e+08   1.5525e+07  1.53025e+08 -9.43244e+07  8.96337e+06  -4.9966e+07  6.63248e+08   1.5525e+07            0            0            0            0            0            0            0            0
 1.19512e+07  2.68901e+07  -1.5525e+07     2.07e+07   -5.175e+06 -8.96337e+06  1.19512e+07 -2.68901e+07   1.5525e+07  8.92046e+07            0            0            0            0            0            0            0            0
           0            0            0            0            0            0            0            0            0            0  5.82247e+08    5.175e+06 -3.11224e+08            0            0 -2.71022e+08 -1.53025e+08    5.175e+06
           0            0            0            0            0            0            0            0            0            0    5.175e+06  4.46023e+07            0   7.7625e+06    1.035e+07   -5.175e+06  8.96337e+06  1.19512e+07
           0 -3.11224e+08            0            0 -8.07172e+07 -1.33084e+08  6.72253e+06            0            0            0 -3.11224e+08            0  8.82066e+08    -1.23e+08  3.36126e+07   -1.789e+08  2.56083e+08  2.68901e+07
           0            0 -3.88125e+06  -7.7625e+06 -1.33084e+08 -2.34389e+08 -3.88125e+06            0            0            0            0   7.7625e+06    -1.23e+08  7.16751e+08  1.16438e+07  2.56083e+08 -4.74599e+08   1.5525e+07
           0            0   7.7625e+06    1.035e+07 -6.72253e+06  3.88125e+06    1.035e+07            0            0            0            0    1.035e+07  3.36126e+07  1.16438e+07    1.035e+08 -2.68901e+07  -1.5525e+07     2.07e+07
           0            0            0            0 -2.71022e+08 -1.53025e+08    5.175e+06            0            0            0 -2.71022e+08   -5.175e+06   -1.789e+08  2.56083e+08 -2.68901e+07  7.20945e+08   4.9966e+07 -2.68901e+07
           0            0            0            0 -1.53025e+08 -9.43244e+07 -8.96337e+06            0            0            0 -1.53025e+08  8.96337e+06  2.56083e+08 -4.74599e+08  -1.5525e+07   4.9966e+07  6.63248e+08  -1.5525e+07
           0            0            0            0   -5.175e+06  8.96337e+06  1.19512e+07            0            0            0    5.175e+06  1.19512e+07  2.68901e+07   1.5525e+07     2.07e+07 -2.68901e+07  -1.5525e+07  8.92046e+07

Reduced Global Mass Matrix
 4.73449e-05            0  2.33206e-05 -2.15267e-05            0            0            0  8.74521e-06  1.51472e-05  -1.3982e-05            0            0            0            0            0            0            0            0
           0          100  1.55355e-06  4.27227e-05  2.60114e-05 -3.10711e-06 -2.01962e-05  1.30057e-05  1.55355e-06 -5.04905e-06            0            0  3.13931e-05            0            0            0            0            0
 2.33206e-05  1.55355e-06          100  1.47996e-05 -3.10711e-06  2.95992e-05 -1.16603e-05  1.55355e-06  1.47996e-05  2.91507e-06            0            0            0  2.42175e-05 -2.33206e-05            0            0            0
-2.15267e-05  4.27227e-05  1.47996e-05          100  2.01962e-05  1.16603e-05 -2.15267e-05  5.04905e-06 -2.91507e-06 -2.69083e-06            0            0            0  2.33206e-05 -2.15267e-05            0            0            0
           0  2.60114e-05 -3.10711e-06  2.01962e-05          100            0 -9.79555e-05  2.56336e-05 -2.69083e-06  8.74521e-06            0            0  2.60114e-05  3.10711e-06  2.01962e-05  2.56336e-05  2.69083e-06  8.74521e-06
           0 -3.10711e-06  2.95992e-05  1.16603e-05            0          100 -3.38813e-21 -2.69083e-06  2.25265e-05  1.51472e-05            0            0  3.10711e-06  2.95992e-05 -1.16603e-05  2.69083e-06  2.25265e-05 -1.51472e-05
           0 -2.01962e-05 -1.16603e-05 -2.15267e-05 -9.79555e-05 -3.38813e-21          100 -8.74521e-06 -1.51472e-05  -1.3982e-05            0            0 -2.01962e-05  1.16603e-05 -2.15267e-05 -8.74521e-06  1.51472e-05  -1.3982e-05
 8.74521e-06  1.30057e-05  1.55355e-06  5.04905e-06  2.56336e-05 -2.69083e-06 -8.74521e-06          100  3.82811e-06 -8.54454e-06            0            0            0            0            0            0            0            0
 1.51472e-05  1.55355e-06  1.47996e-05 -2.91507e-06 -2.69083e-06  2.25265e-05 -1.51472e-05  3.82811e-06          100   4.9332e-06            0            0            0            0            0            0            0            0
 -1.3982e-05 -5.04905e-06  2.91507e-06 -2.69083e-06  8.74521e-06  1.51472e-05  -1.3982e-05 -8.54454e-06   4.9332e-06          100            0            0            0            0            0            0            0            0
           0            0            0            0            0            0            0            0            0            0  0.000118714  1.47996e-05  3.13931e-05            0            0  2.56336e-05  2.69083e-06 -8.74521e-06
           0            0            0            0            0            0            0            0            0            0  1.47996e-05  4.73449e-05            0 -2.33206e-05 -2.15267e-05  8.74521e-06 -1.51472e-05  -1.3982e-05
           0  3.13931e-05            0            0  2.60114e-05  3.10711e-06 -2.01962e-05            0            0            0  3.13931e-05            0          100 -1.55355e-06  4.27227e-05  1.30057e-05 -1.55355e-06 -5.04905e-06
           0            0  2.42175e-05  2.33206e-05  3.10711e-06  2.95992e-05  1.16603e-05            0            0            0            0 -2.33206e-05 -1.55355e-06          100 -1.47996e-05 -1.55355e-06  1.47996e-05 -2.91507e-06
           0            0 -2.33206e-05 -2.15267e-05  2.01962e-05 -1.16603e-05 -2.15267e-05            0            0            0            0 -2.15267e-05  4.27227e-05 -1.47996e-05          100  5.04905e-06  2.91507e-06 -2.69083e-06
           0            0            0            0  2.56336e-05  2.69083e-06 -8.74521e-06            0            0            0  2.56336e-05  8.74521e-06  1.30057e-05 -1.55355e-06  5.04905e-06          100 -3.82811e-06 -8.54454e-06
           0            0            0            0  2.69083e-06  2.25265e-05  1.51472e-05            0            0            0  2.69083e-06 -1.51472e-05 -1.55355e-06  1.47996e-05  2.91507e-06 -3.82811e-06          100  -4.9332e-06
           0            0            0            0  8.74521e-06 -1.51472e-05  -1.3982e-05            0            0            0 -8.74521e-06  -1.3982e-05 -5.04905e-06 -2.91507e-06 -2.69083e-06 -8.54454e-06  -4.9332e-06          100

Cholesky Decomposition L - Matrix
  0.00688076            0            0            0            0            0            0            0            0            0            0            0            0            0            0            0            0            0
           0           10            0            0            0            0            0            0            0            0            0            0            0            0            0            0            0            0
  0.00338924  1.55355e-07           10            0            0            0            0            0            0            0            0            0            0            0            0            0            0            0
 -0.00312853  4.27227e-06  2.54029e-06           10            0            0            0            0            0            0            0            0            0            0            0            0            0            0
           0  2.60114e-06 -3.10711e-07  2.01962e-06           10            0            0            0            0            0            0            0            0            0            0            0            0            0
           0 -3.10711e-07  2.95991e-06  1.16603e-06 -6.27051e-14           10            0            0            0            0            0            0            0            0            0            0            0            0
           0 -2.01962e-06 -1.16603e-06 -2.15266e-06 -9.79554e-06  5.33388e-13           10            0            0            0            0            0            0            0            0            0            0            0
  0.00127097  1.30057e-06 -2.75405e-07  9.02529e-07  2.56336e-06 -2.69083e-07 -8.74518e-07           10            0            0            0            0            0            0            0            0            0            0
  0.00220138  1.55355e-07  7.33858e-07    3.972e-07 -2.69083e-07  2.25265e-06 -1.51471e-06  1.03024e-07           10            0            0            0            0            0            0            0            0            0
 -0.00203204 -5.04904e-07  9.80214e-07 -9.04813e-07   8.7452e-07  1.51471e-06  -1.3982e-06 -5.96189e-07  9.40647e-07           10            0            0            0            0            0            0            0            0
           0            0            0            0            0            0            0            0            0            0    0.0108956            0            0            0            0            0            0            0
           0            0            0            0            0            0            0            0            0            0   0.00135831   0.00674536            0            0            0            0            0            0
           0   3.1393e-06 -4.87707e-14 -1.34119e-12  2.60114e-06  3.10711e-07 -2.01962e-06 -1.24331e-12 -3.54685e-13 -3.98416e-13   0.00288126 -0.000580198           10            0            0            0            0            0
           0            0  2.42175e-06  2.33206e-06   3.1071e-07  2.95991e-06  1.16603e-06 -4.18073e-14 -7.52135e-13 -3.38856e-13            0  -0.00345728 -3.55945e-07           10            0            0            0            0
           0            0 -2.33205e-06 -2.15267e-06  2.01962e-06 -1.16603e-06 -2.15266e-06 -6.07272e-13  2.47586e-13  -2.6717e-13            0  -0.00319133  4.08711e-06 -2.58329e-06           10            0            0            0
           0            0            0            0  2.56336e-06  2.69083e-07 -8.74518e-07 -7.26319e-13 -1.24104e-13 -3.87204e-13   0.00235266  0.000822724   6.7044e-07  1.29083e-07  7.67462e-07           10            0            0
           0            0            0            0  2.69083e-07  2.25265e-06  1.51472e-06  1.24104e-13 -2.70767e-13 -1.52957e-13  0.000246965   -0.0022953 -3.59685e-07   6.8641e-07 -4.40997e-07 -2.52074e-07           10            0
           0            0            0            0   8.7452e-07 -1.51471e-06  -1.3982e-06 -3.87204e-13  1.52957e-13 -4.25384e-14 -0.000802637   -0.0019112 -3.84532e-07 -9.52261e-07 -8.79012e-07 -5.08382e-07 -9.12174e-07           10

L Inverse Matrix
     145.333            0            0            0            0            0            0            0            0            0            0            0            0            0            0            0            0            0
           0    0.0999999            0            0            0            0            0            0            0            0            0            0            0            0            0            0            0            0
  -0.0492567 -1.55355e-09    0.0999999            0            0            0            0            0            0            0            0            0            0            0            0            0            0            0
   0.0454678 -4.27226e-08 -2.54029e-08          0.1            0            0            0            0            0            0            0            0            0            0            0            0            0            0
-1.07132e-08 -2.60113e-08   3.1071e-09 -2.01961e-08    0.0999999            0            0            0            0            0            0            0            0            0            0            0            0            0
 9.27789e-09   3.1071e-09 -2.95991e-08 -1.16603e-08  6.27049e-16    0.0999999            0            0            0            0            0            0            0            0            0            0            0            0
 4.04421e-09  2.01961e-08  1.16602e-08  2.15266e-08  9.79552e-08 -5.33387e-15          0.1            0            0            0            0            0            0            0            0            0            0            0
  -0.0184713 -1.30056e-08  2.75405e-09 -9.02528e-09 -2.56336e-08  2.69083e-09  8.74517e-09    0.0999999            0            0            0            0            0            0            0            0            0            0
  -0.0319932 -1.55355e-09 -7.33856e-09 -3.97199e-09  2.69084e-09 -2.25265e-08  1.51471e-08 -1.03024e-09    0.0999999            0            0            0            0            0            0            0            0            0
   0.0295322  5.04904e-09 -9.80212e-09  9.04813e-09 -8.74518e-09 -1.51471e-08   1.3982e-08  5.96188e-09 -9.40646e-09          0.1            0            0            0            0            0            0            0            0
           0            0            0            0            0            0            0            0            0            0      91.7802            0            0            0            0            0            0            0
           0            0            0            0            0            0            0            0            0            0     -18.4817       148.25            0            0            0            0            0            0
 6.91833e-15  -3.1393e-08   2.9541e-15   2.3375e-14 -2.60113e-08  -3.1071e-09  2.01961e-08  1.24331e-14  3.54684e-15  3.98415e-15   -0.0275165   0.00860142    0.0999999            0            0            0            0            0
 1.32539e-09  6.75555e-15 -2.42174e-08 -2.33205e-08 -3.10711e-09 -2.95991e-08 -1.16603e-08  4.18073e-16  7.52134e-15  3.38856e-15  -0.00638963    0.0512541  3.55945e-09    0.0999999            0            0            0            0
-1.69923e-09  1.32347e-14  2.33205e-08  2.15267e-08 -2.01961e-08  1.16602e-08  2.15266e-08  6.07271e-15 -2.47585e-15   2.6717e-15  -0.00589811    0.0473115  -4.0871e-08  2.58328e-08          0.1            0            0            0
 2.36835e-15  1.04549e-14 -4.57447e-16  6.02223e-15 -2.56336e-08 -2.69083e-09  8.74517e-09  7.26318e-15  1.24103e-15  3.87204e-15   -0.0200722   -0.0121969 -6.70438e-09 -1.29083e-09 -7.67461e-09    0.0999999            0            0
-2.76552e-15 -4.18829e-15  7.50856e-15  2.45949e-15 -2.69084e-09 -2.25265e-08 -1.51471e-08 -1.24103e-15  2.70766e-15  1.52957e-15  -0.00650875    0.0340278  3.59684e-09 -6.86408e-09  4.40997e-09  2.52074e-09    0.0999999            0
  2.7843e-15  4.36203e-15 -3.38103e-15  2.68134e-15 -8.74518e-09  1.51471e-08   1.3982e-08  3.87204e-15 -1.52957e-15  4.25385e-16   0.00383438    0.0283336  3.84531e-09   9.5226e-09  8.79012e-09  5.08381e-09  9.12173e-09          0.1

Z Matrix
 9.42072e+11            0 -4.32105e+08   4.4515e+08     -103.329      75.9937       45.441 -1.94944e+08 -3.37652e+08  3.65122e+08            0            0  6.96226e-05     0.833627     -4.94337  2.45728e-05 -2.26349e-05  2.57151e-05
           0  8.82064e+06     1.23e+06       336122      -807172  1.33083e+06      67226.4   -1.789e+06 -2.56083e+06       268901            0            0 -3.11224e+06    -0.863712      1.96387     0.385632    -0.400196     0.161896
-4.32105e+08     1.23e+06  7.35218e+06      -302606  1.33083e+06 -2.34388e+06      38814.8 -2.48042e+06 -4.60671e+06      -301923            0            0    -0.603284     -38813.5        77626    -0.280133     0.492392    -0.462861
  4.4515e+08       336122      -302606  1.22132e+06     -67225.5     -38812.5       103500      -349006      16503.7       351795            0            0      1.26371     -77625.1       103500    0.0203866   0.00476734    0.0161773
    -103.329      -807172  1.33083e+06     -67225.5  7.03477e+06    -0.822311      -237943 -2.71022e+06  1.53024e+06     -51751.2            0            0      -807170 -1.33083e+06     -67226.4 -2.71022e+06 -1.53024e+06       -51751
     75.9937  1.33083e+06 -2.34388e+06     -38812.5    -0.822311  6.57425e+06   -0.0343498  1.53024e+06      -943242       -89634            0            0 -1.33083e+06 -2.34388e+06      38812.6 -1.53024e+06      -943244      89634.1
      45.441      67226.4      38814.8       103500      -237943   -0.0343498       892045      51746.7      89634.1       119512            0            0        67224     -38813.9       103500      51747.4     -89635.2       119512
-1.94944e+08   -1.789e+06 -2.48042e+06      -349006 -2.71022e+06  1.53024e+06      51746.7  7.24377e+06      -440189      -330589            0            0      1.81123     0.587935     0.103478      1.31615    0.0794155     0.502167
-3.37652e+08 -2.56083e+06 -4.60671e+06      16503.7  1.53024e+06      -943242      89634.1      -440189  6.73548e+06      48401.9            0            0     0.789898      1.82521     -1.47518   -0.0794158     0.315452    -0.267646
 3.65122e+08       268901      -301923       351795     -51751.2       -89634       119512      -330589      48401.9  1.00153e+06            0            0    0.0803995      0.46805    0.0472741     0.502167     0.267646    0.0153177
           0            0            0            0            0            0            0            0            0            0  4.90461e+12 -9.17225e+11 -4.32278e+09  -3.1711e+08 -2.92715e+08 -3.56587e+09 -1.73612e+09  2.65857e+08
           0            0            0            0            0            0            0            0            0            0 -9.17225e+11  1.15079e+12   9.0624e+08   5.1294e+08  5.20695e+08  5.45289e+08  7.02491e+08  3.13932e+08
 6.96226e-05 -3.11224e+06    -0.603284      1.26371      -807170 -1.33083e+06        67224      1.81123     0.789898    0.0803995 -4.32278e+09   9.0624e+08  1.09751e+07      -910005       634235      -105243  3.30438e+06      91179.7
    0.833627    -0.863712     -38813.5     -77625.1 -1.33083e+06 -2.34388e+06     -38813.9     0.587935      1.82521      0.46805  -3.1711e+08   5.1294e+08      -910005  7.38461e+06       333184  2.73988e+06  -4.4767e+06       285779
    -4.94337      1.96387        77626       103500     -67226.4      38812.6       103500     0.103478     -1.47518    0.0472741 -2.92715e+08  5.20695e+08       634235       333184  1.25014e+06      -107504       104155       336512
 2.45728e-05     0.385632    -0.280133    0.0203866 -2.71022e+06 -1.53024e+06      51747.4      1.31615   -0.0794158     0.502167 -3.56587e+09  5.45289e+08      -105243  2.73988e+06      -107504  8.55382e+06  1.00911e+06      -475858
-2.26349e-05    -0.400196     0.492392   0.00476734 -1.53024e+06      -943244     -89635.2    0.0794155     0.315452     0.267646 -1.73612e+09  7.02491e+08  3.30438e+06  -4.4767e+06       104155  1.00911e+06  6.96669e+06      -123038
 2.57151e-05     0.161896    -0.462861    0.0161773       -51751      89634.1       119512     0.502167    -0.267646    0.0153177  2.65857e+08  3.13932e+08      91179.7       285779       336512      -475858      -123038  1.00923e+06

Modal Analysis Success !!!!! 
Eigen Values 
     114552
     494997
     699985
     716269
     759064
     866775
1.02139e+06
1.34065e+06
3.47253e+06
5.74136e+06
8.20139e+06
1.07185e+07
1.18211e+07
1.36113e+07
1.49172e+07
9.38664e+11
9.42073e+11
5.11675e+12

Global Eigen Vector Matrix
        0         0         0         0         0         0         0         0         0         0         0         0         0         0         0         0         0         0
        0         0         0         0         0         0         0         0         0         0         0         0         0         0         0         0         0         0
 0.340487 -0.325101  0.017109  0.277632 -0.173528 -0.180022  0.503206  0.199513  0.170387 -0.168178 -0.017488  0.023744  0.083926 -0.046186  0.068159        -0         1        -0
 0.178977 -0.337392 -0.110717  0.208496  0.373729  0.006182  0.028203  0.055038  0.551983         1  0.387088 -0.378554 -0.809879  0.442304        -1        -0         0        -0
        1 -0.704899  0.064573  0.072638 -0.410549 -0.188279  0.090695 -0.390424  0.042743  -0.57086 -0.333607   0.50574   0.45025  0.922119 -0.790278        -0        -0        -0
 0.100743  0.231713  0.759712   0.19304 -0.060122  0.841806        -1 -0.909452 -0.018279  0.131586  0.078588 -0.030951 -0.008744  0.012798  -0.01469        -0         0        -0
 0.241529  0.386993 -0.161387  0.093249  0.905903  0.237429 -0.081161   0.21304  0.423933 -0.571478 -0.186786        -1  0.771665   0.57615  0.082958         0        -0        -0
 0.956521  0.023303 -0.007704  0.005761  0.041786  0.016213  0.044562  0.029846 -0.907065 -0.151656 -0.611168 -0.711367        -1  0.036861  0.176153         0         0        -0
-0.003002         1 -0.179763  0.557134  0.173931        -1  -0.00572        -1 -0.025023  0.053513  0.003407  0.020568 -0.015989 -0.014679 -0.001604        -0         0         0
 0.367238 -0.277219 -0.062368  0.099605  0.287523  0.035382 -0.063081 -0.146214         1  -0.53776 -0.716748  0.377106 -0.772935  -0.67964   0.45371         0        -0         0
 0.907531 -0.821951  0.039827  0.150671 -0.384475 -0.210774  0.172926 -0.331286  0.200474  0.285802  0.807328 -0.608832  0.469822 -0.618647  0.728464         0        -0         0
 0.131227 -0.181726 -0.676977        -1  0.269165 -0.322226  -0.85067 -0.522348 -0.008925   0.12439  0.075655 -0.026645  0.004494  0.001945 -0.012142        -0         0         0
 0.458259 -0.157539  -0.20586  0.245002  0.882373  0.170988 -0.067482  0.136937   -0.3417  0.170164  0.357208  0.692149  0.078506   0.06022  0.322044 -0.018514        -0        -1
        0         0         0         0         0         0         0         0         0         0         0         0         0         0         0         0         0         0
-0.331568 -0.356074 -0.117105  0.264288 -0.170911 -0.190579 -0.487712  0.217704 -0.052411 -0.214961 -0.030372 -0.175144 -0.038505 -0.054203 -0.094845        -1        -0  0.356949
 0.306572 -0.404956 -0.202051  0.315168  0.760328   0.08131 -0.141025  0.127174 -0.275461  0.947233 -0.504911  0.664878  0.387819  0.450873  0.837518         0        -0     1e-06
 0.987625  0.844828  0.073516 -0.198082 -0.021861  0.117679  0.076081  0.350441  0.065979  0.559042 -0.449302  0.163795  0.611241        -1 -0.716483        -0        -0         0
   -0.103  0.188722 -0.784611 -0.077691 -0.142636   0.88099  0.943596 -0.929055 -0.020476   0.12497 -0.088799  0.011053  0.020218  0.013256  0.014454        -0         0         0
 0.120484 -0.412591 -0.235497  0.296592         1   0.17462 -0.065856 -0.026255 -0.516019 -0.625554  0.780392  0.408939  -0.02831 -0.754163 -0.575311         0         0     1e-06
 0.891145  0.936257  0.074601   -0.2449  0.060521  0.161144  0.158454  0.298325  0.171122 -0.174429         1  0.551182 -0.440753  0.646111  0.538208        -0        -0         0
-0.129472  -0.19592         1  -0.58438  0.781119 -0.247432  0.835429  -0.52992 -0.033349  0.117162 -0.084667  0.001659  0.013486  0.003113  0.014599        -0        -0        -0

