Global Load Matrix
      0
      0
      0
37.1391
    100
      0
      0
      0
      0
      0
      0
      0
      0
      0
      0
      0
92.8477
      0

Reduced Global Stiffness Matrix
 1.17923e+11  1.56332e+10 -1.76814e+11            0            0            0 -2.48401e+08            0            0 -6.48392e+09 -1.56332e+10  4.55669e+10
 1.56332e+10  9.65536e+10  2.56241e+11            0            0            0            0 -5.69294e+10  1.42324e+11 -1.56332e+10 -3.93136e+10  1.13917e+11
-1.76814e+11  2.56241e+11  1.50791e+12            0            0            0            0 -1.42324e+11  2.37206e+11 -4.55669e+10 -1.13917e+11   2.2024e+11
           0            0            0  2.70294e+11 -1.56332e+10 -3.49776e+11 -2.48401e+08            0            0 -6.48392e+09  1.56332e+10  4.55669e+10
           0            0            0 -1.56332e+10  9.66571e+10 -2.56241e+11            0 -5.69294e+10 -1.42324e+11  1.56332e+10 -3.93136e+10 -1.13917e+11
           0            0            0 -3.49776e+11 -2.56241e+11  1.70558e+12            0  1.42324e+11  2.37206e+11 -4.55669e+10  1.13917e+11   2.2024e+11
-2.48401e+08            0            0 -2.48401e+08            0            0  8.90019e+11            0  8.89522e+11 -8.89522e+11            0  8.89522e+11
           0 -5.69294e+10 -1.42324e+11            0 -5.69294e+10  1.42324e+11            0   1.1448e+11            0            0 -6.21002e+08            0
           0  1.42324e+11  2.37206e+11            0 -1.42324e+11  2.37206e+11  8.89522e+11            0  2.13485e+12 -8.89522e+11            0  5.93015e+11
-6.48392e+09 -1.56332e+10 -4.55669e+10 -6.48392e+09  1.56332e+10 -4.55669e+10 -8.89522e+11            0 -8.89522e+11   9.0249e+11            0 -9.80656e+11
-1.56332e+10 -3.93136e+10 -1.13917e+11  1.56332e+10 -3.93136e+10  1.13917e+11            0 -6.21002e+08            0            0  7.92483e+10            0
 4.55669e+10  1.13917e+11   2.2024e+11  4.55669e+10 -1.13917e+11   2.2024e+11  8.89522e+11            0  5.93015e+11 -9.80656e+11            0  2.06699e+12

Reduced Global Mass Matrix
 0.000233761  3.32343e-06 -1.28695e-05            0            0            0  3.91501e-05            0            0  4.08366e-05 -3.32343e-06 -1.56616e-05
 3.32343e-06  0.000242529  0.000127782            0            0            0            0  3.02015e-05 -3.63537e-05 -3.32343e-06  3.38574e-05 -3.91541e-05
-1.28695e-05  0.000127782  0.000154439            0            0            0            0  3.63537e-05 -4.19465e-05  1.56616e-05  3.91541e-05 -5.24063e-05
           0            0            0  0.000216311 -3.32343e-06  4.35654e-06  3.91501e-05            0            0  4.08366e-05  3.32343e-06 -1.56616e-05
           0            0            0 -3.32343e-06  0.000226869 -0.000127782            0  3.02015e-05  3.63537e-05  3.32343e-06  3.38574e-05  3.91541e-05
           0            0            0  4.35654e-06 -0.000127782  0.000137884            0 -3.63537e-05 -4.19465e-05  1.56616e-05 -3.91541e-05 -5.24063e-05
 3.91501e-05            0            0  3.91501e-05            0            0    0.0001915            0  9.84346e-06  1.20806e-05            0 -5.81659e-06
           0  3.02015e-05  3.63537e-05            0  3.02015e-05 -3.63537e-05            0  0.000205818            0            0    1.566e-05            0
           0 -3.63537e-05 -4.19465e-05            0  3.63537e-05 -4.19465e-05  9.84346e-06            0  0.000115437  5.81659e-06            0 -2.68458e-06
 4.08366e-05 -3.32343e-06  1.56616e-05  4.08366e-05  3.32343e-06  1.56616e-05  1.20806e-05            0  5.81659e-06  0.000206222            0 -6.28521e-05
-3.32343e-06  3.38574e-05  3.91541e-05  3.32343e-06  3.38574e-05 -3.91541e-05            0    1.566e-05            0            0  0.000216601            0
-1.56616e-05 -3.91541e-05 -5.24063e-05 -1.56616e-05  3.91541e-05 -5.24063e-05 -5.81659e-06            0 -2.68458e-06 -6.28521e-05            0  0.000143329

Reduced Global Load Matrix
37.1391
    100
      0
      0
      0
      0
      0
      0
      0
      0
92.8477
      0

Reduced Global EigenVector Matrix
 0.000867  0.139227  0.291028        -1 -0.816821  0.781041 -0.244202 -0.171602 -0.024452 -0.038649    0.0258 -0.082665
        1  -0.14185        -1  0.559963 -0.059986  0.461078 -0.632169 -0.518295 -0.430965  0.483821 -0.245736   0.10072
 0.000279  0.055883  0.145179 -0.293849 -0.118497 -0.019112  0.202808  0.282858  0.784828        -1  0.740721 -0.665924
-0.004419   0.07894  0.183462    0.5149 -0.210906         1         1 -0.328646 -0.093194  0.017444  0.102008 -0.016229
 0.981827  0.122216  0.984554  0.744699 -0.077157  0.602643 -0.435858  0.591982  0.328263  -0.28382 -0.510739 -0.271077
-0.002858  0.045199  0.123661   0.26651  -0.06968  0.408019  0.118498  0.186607  0.414037 -0.405575        -1        -1
 0.002372  0.891157 -0.470604  0.083668  0.146426 -0.238576 -0.032476         1 -0.375815  0.264976  0.053019 -0.069851
 0.996354  0.003688  0.020373 -0.065616 -0.884466 -0.969829  0.612526 -0.061825 -0.069901  0.098564 -0.228791 -0.034131
   -0.002  0.029261   0.21996  0.045855  0.076875 -0.139571 -0.116082 -0.652609  0.525796   0.93931   0.20493 -0.809482
-0.001374         1 -0.073372   0.20111  0.361254 -0.629648 -0.340385 -0.893442 -0.036011 -0.367809 -0.059827  0.059803
 0.998815  0.017972  0.047693 -0.844929         1  0.147214  0.435006 -0.051452 -0.063493  0.090997 -0.218231 -0.034369
-0.001747  0.081249  0.175845  0.071293  0.133123  -0.23952 -0.167043 -0.671854        -1 -0.666665   0.09212 -0.742056

Global Support Inclination Matrix
 1 -0  0  0  0  0  0  0  0  0  0  0  0  0  0  0  0  0
 0  1  0  0  0  0  0  0  0  0  0  0  0  0  0  0  0  0
 0  0  1  0  0  0  0  0  0  0  0  0  0  0  0  0  0  0
 0  0  0  1  0  0  0  0  0  0  0  0  0  0  0  0  0  0
 0  0  0  0  1  0  0  0  0  0  0  0  0  0  0  0  0  0
 0  0  0  0  0  1  0  0  0  0  0  0  0  0  0  0  0  0
 0  0  0  0  0  0  1  0  0  0  0  0  0  0  0  0  0  0
 0  0  0  0  0  0  0  1  0  0  0  0  0  0  0  0  0  0
 0  0  0  0  0  0  0  0  1  0  0  0  0  0  0  0  0  0
 0  0  0  0  0  0  0  0  0  1 -0  0  0  0  0  0  0  0
 0  0  0  0  0  0  0  0  0  0  1  0  0  0  0  0  0  0
 0  0  0  0  0  0  0  0  0  0  0  1  0  0  0  0  0  0
 0  0  0  0  0  0  0  0  0  0  0  0  1  0  0  0  0  0
 0  0  0  0  0  0  0  0  0  0  0  0  0  1  0  0  0  0
 0  0  0  0  0  0  0  0  0  0  0  0  0  0  1  0  0  0
 0  0  0  0  0  0  0  0  0  0  0  0  0  0  0  1  0  0
 0  0  0  0  0  0  0  0  0  0  0  0  0  0  0  0  1  0
 0  0  0  0  0  0  0  0  0  0  0  0  0  0  0  0  0  1

Global support inclination matrix
 1 -0  0  0  0  0  0  0  0  0  0  0  0  0  0  0  0  0
 0  1  0  0  0  0  0  0  0  0  0  0  0  0  0  0  0  0
 0  0  1  0  0  0  0  0  0  0  0  0  0  0  0  0  0  0
 0  0  0  1  0  0  0  0  0  0  0  0  0  0  0  0  0  0
 0  0  0  0  1  0  0  0  0  0  0  0  0  0  0  0  0  0
 0  0  0  0  0  1  0  0  0  0  0  0  0  0  0  0  0  0
 0  0  0  0  0  0  1  0  0  0  0  0  0  0  0  0  0  0
 0  0  0  0  0  0  0  1  0  0  0  0  0  0  0  0  0  0
 0  0  0  0  0  0  0  0  1  0  0  0  0  0  0  0  0  0
 0  0  0  0  0  0  0  0  0  1 -0  0  0  0  0  0  0  0
 0  0  0  0  0  0  0  0  0  0  1  0  0  0  0  0  0  0
 0  0  0  0  0  0  0  0  0  0  0  1  0  0  0  0  0  0
 0  0  0  0  0  0  0  0  0  0  0  0  1  0  0  0  0  0
 0  0  0  0  0  0  0  0  0  0  0  0  0  1  0  0  0  0
 0  0  0  0  0  0  0  0  0  0  0  0  0  0  1  0  0  0
 0  0  0  0  0  0  0  0  0  0  0  0  0  0  0  1  0  0
 0  0  0  0  0  0  0  0  0  0  0  0  0  0  0  0  1  0
 0  0  0  0  0  0  0  0  0  0  0  0  0  0  0  0  0  1

