Global Stiffness Matrix
  1.1119e+11            0  2.22381e+11  -1.1119e+11            0  2.22381e+11            0            0            0            0            0            0            0            0            0            0            0            0
           0  3.10501e+08            0            0 -3.10501e+08            0            0            0            0            0            0            0            0            0            0            0            0            0
 2.22381e+11            0  5.93015e+11 -2.22381e+11            0  2.96507e+11            0            0            0            0            0            0            0            0            0            0            0            0
 -1.1119e+11            0 -2.22381e+11  1.17923e+11  1.56332e+10 -1.76814e+11            0            0            0            0            0            0 -2.48401e+08            0            0 -6.48392e+09 -1.56332e+10  4.55669e+10
           0 -3.10501e+08            0  1.56332e+10  9.65536e+10  2.56241e+11            0            0            0            0            0            0            0 -5.69294e+10  1.42324e+11 -1.56332e+10 -3.93136e+10  1.13917e+11
 2.22381e+11            0  2.96507e+11 -1.76814e+11  2.56241e+11  1.50791e+12            0            0            0            0            0            0            0 -1.42324e+11  2.37206e+11 -4.55669e+10 -1.13917e+11   2.2024e+11
           0            0            0            0            0            0  2.70294e+11 -1.56332e+10 -3.49776e+11 -2.63562e+11            0 -3.95343e+11 -2.48401e+08            0            0 -6.48392e+09  1.56332e+10  4.55669e+10
           0            0            0            0            0            0 -1.56332e+10  9.66571e+10 -2.56241e+11            0 -4.14001e+08            0            0 -5.69294e+10 -1.42324e+11  1.56332e+10 -3.93136e+10 -1.13917e+11
           0            0            0            0            0            0 -3.49776e+11 -2.56241e+11  1.70558e+12  3.95343e+11            0  3.95343e+11            0  1.42324e+11  2.37206e+11 -4.55669e+10  1.13917e+11   2.2024e+11
           0            0            0            0            0            0 -2.63562e+11            0  3.95343e+11  2.63562e+11            0  3.95343e+11            0            0            0            0            0            0
           0            0            0            0            0            0            0 -4.14001e+08            0            0  4.14001e+08            0            0            0            0            0            0            0
           0            0            0            0            0            0 -3.95343e+11            0  3.95343e+11  3.95343e+11            0  7.90686e+11            0            0            0            0            0            0
           0            0            0 -2.48401e+08            0            0 -2.48401e+08            0            0            0            0            0  8.90019e+11            0  8.89522e+11 -8.89522e+11            0  8.89522e+11
           0            0            0            0 -5.69294e+10 -1.42324e+11            0 -5.69294e+10  1.42324e+11            0            0            0            0   1.1448e+11            0            0 -6.21002e+08            0
           0            0            0            0  1.42324e+11  2.37206e+11            0 -1.42324e+11  2.37206e+11            0            0            0  8.89522e+11            0  2.13485e+12 -8.89522e+11            0  5.93015e+11
           0            0            0 -6.48392e+09 -1.56332e+10 -4.55669e+10 -6.48392e+09  1.56332e+10 -4.55669e+10            0            0            0 -8.89522e+11            0 -8.89522e+11   9.0249e+11            0 -9.80656e+11
           0            0            0 -1.56332e+10 -3.93136e+10 -1.13917e+11  1.56332e+10 -3.93136e+10  1.13917e+11            0            0            0            0 -6.21002e+08            0            0  7.92483e+10            0
           0            0            0  4.55669e+10  1.13917e+11   2.2024e+11  4.55669e+10 -1.13917e+11   2.2024e+11            0            0            0  8.89522e+11            0  5.93015e+11 -9.80656e+11            0  2.06699e+12

Global Point Mass Matrix
0 0 0 0 0 0 0 0 0 0 0 0 0 0 0 0 0 0
0 0 0 0 0 0 0 0 0 0 0 0 0 0 0 0 0 0
0 0 0 0 0 0 0 0 0 0 0 0 0 0 0 0 0 0
0 0 0 0 0 0 0 0 0 0 0 0 0 0 0 0 0 0
0 0 0 0 0 0 0 0 0 0 0 0 0 0 0 0 0 0
0 0 0 0 0 0 0 0 0 0 0 0 0 0 0 0 0 0
0 0 0 0 0 0 0 0 0 0 0 0 0 0 0 0 0 0
0 0 0 0 0 0 0 0 0 0 0 0 0 0 0 0 0 0
0 0 0 0 0 0 0 0 0 0 0 0 0 0 0 0 0 0
0 0 0 0 0 0 0 0 0 0 0 0 0 0 0 0 0 0
0 0 0 0 0 0 0 0 0 0 0 0 0 0 0 0 0 0
0 0 0 0 0 0 0 0 0 0 0 0 0 0 0 0 0 0
0 0 0 0 0 0 0 0 0 0 0 0 0 0 0 0 0 0
0 0 0 0 0 0 0 0 0 0 0 0 0 0 0 0 0 0
0 0 0 0 0 0 0 0 0 0 0 0 0 0 0 0 0 0
0 0 0 0 0 0 0 0 0 0 0 0 0 0 0 0 0 0
0 0 0 0 0 0 0 0 0 0 0 0 0 0 0 0 0 0
0 0 0 0 0 0 0 0 0 0 0 0 0 0 0 0 0 0

Global Consistent Mass Matrix
 6.97991e-05            0  3.93738e-05  2.41612e-05            0 -2.32664e-05            0            0            0            0            0            0            0            0            0            0            0            0
           0  6.26402e-05            0            0  3.13201e-05            0            0            0            0            0            0            0            0            0            0            0            0            0
 3.93738e-05            0  2.86355e-05  2.32664e-05            0 -2.14766e-05            0            0            0            0            0            0            0            0            0            0            0            0
 2.41612e-05            0  2.32664e-05  0.000233761  3.32343e-06 -1.28695e-05            0            0            0            0            0            0  3.91501e-05            0            0  4.08366e-05 -3.32343e-06 -1.56616e-05
           0  3.13201e-05            0  3.32343e-06  0.000242529  0.000127782            0            0            0            0            0            0            0  3.02015e-05 -3.63537e-05 -3.32343e-06  3.38574e-05 -3.91541e-05
-2.32664e-05            0 -2.14766e-05 -1.28695e-05  0.000127782  0.000154439            0            0            0            0            0            0            0  3.63537e-05 -4.19465e-05  1.56616e-05  3.91541e-05 -5.24063e-05
           0            0            0            0            0            0  0.000216311 -3.32343e-06  4.35654e-06  1.81209e-05            0  1.30873e-05  3.91501e-05            0            0  4.08366e-05  3.32343e-06 -1.56616e-05
           0            0            0            0            0            0 -3.32343e-06  0.000226869 -0.000127782            0  2.34901e-05            0            0  3.02015e-05  3.63537e-05  3.32343e-06  3.38574e-05  3.91541e-05
           0            0            0            0            0            0  4.35654e-06 -0.000127782  0.000137884 -1.30873e-05            0 -9.06045e-06            0 -3.63537e-05 -4.19465e-05  1.56616e-05 -3.91541e-05 -5.24063e-05
           0            0            0            0            0            0  1.81209e-05            0 -1.30873e-05  5.23493e-05            0  2.21478e-05            0            0            0            0            0            0
           0            0            0            0            0            0            0  2.34901e-05            0            0  4.69801e-05            0            0            0            0            0            0            0
           0            0            0            0            0            0  1.30873e-05            0 -9.06045e-06  2.21478e-05            0  1.20806e-05            0            0            0            0            0            0
           0            0            0  3.91501e-05            0            0  3.91501e-05            0            0            0            0            0    0.0001915            0  9.84346e-06  1.20806e-05            0 -5.81659e-06
           0            0            0            0  3.02015e-05  3.63537e-05            0  3.02015e-05 -3.63537e-05            0            0            0            0  0.000205818            0            0    1.566e-05            0
           0            0            0            0 -3.63537e-05 -4.19465e-05            0  3.63537e-05 -4.19465e-05            0            0            0  9.84346e-06            0  0.000115437  5.81659e-06            0 -2.68458e-06
           0            0            0  4.08366e-05 -3.32343e-06  1.56616e-05  4.08366e-05  3.32343e-06  1.56616e-05            0            0            0  1.20806e-05            0  5.81659e-06  0.000206222            0 -6.28521e-05
           0            0            0 -3.32343e-06  3.38574e-05  3.91541e-05  3.32343e-06  3.38574e-05 -3.91541e-05            0            0            0            0    1.566e-05            0            0  0.000216601            0
           0            0            0 -1.56616e-05 -3.91541e-05 -5.24063e-05 -1.56616e-05  3.91541e-05 -5.24063e-05            0            0            0 -5.81659e-06            0 -2.68458e-06 -6.28521e-05            0  0.000143329

Global DOF Matrix
0
0
0
1
1
1
1
1
1
0
0
0
1
1
1
1
1
1

Reduced Global Stiffness Matrix
 1.17923e+11  1.56332e+10 -1.76814e+11            0            0            0 -2.48401e+08            0            0 -6.48392e+09 -1.56332e+10  4.55669e+10
 1.56332e+10  9.65536e+10  2.56241e+11            0            0            0            0 -5.69294e+10  1.42324e+11 -1.56332e+10 -3.93136e+10  1.13917e+11
-1.76814e+11  2.56241e+11  1.50791e+12            0            0            0            0 -1.42324e+11  2.37206e+11 -4.55669e+10 -1.13917e+11   2.2024e+11
           0            0            0  2.70294e+11 -1.56332e+10 -3.49776e+11 -2.48401e+08            0            0 -6.48392e+09  1.56332e+10  4.55669e+10
           0            0            0 -1.56332e+10  9.66571e+10 -2.56241e+11            0 -5.69294e+10 -1.42324e+11  1.56332e+10 -3.93136e+10 -1.13917e+11
           0            0            0 -3.49776e+11 -2.56241e+11  1.70558e+12            0  1.42324e+11  2.37206e+11 -4.55669e+10  1.13917e+11   2.2024e+11
-2.48401e+08            0            0 -2.48401e+08            0            0  8.90019e+11            0  8.89522e+11 -8.89522e+11            0  8.89522e+11
           0 -5.69294e+10 -1.42324e+11            0 -5.69294e+10  1.42324e+11            0   1.1448e+11            0            0 -6.21002e+08            0
           0  1.42324e+11  2.37206e+11            0 -1.42324e+11  2.37206e+11  8.89522e+11            0  2.13485e+12 -8.89522e+11            0  5.93015e+11
-6.48392e+09 -1.56332e+10 -4.55669e+10 -6.48392e+09  1.56332e+10 -4.55669e+10 -8.89522e+11            0 -8.89522e+11   9.0249e+11            0 -9.80656e+11
-1.56332e+10 -3.93136e+10 -1.13917e+11  1.56332e+10 -3.93136e+10  1.13917e+11            0 -6.21002e+08            0            0  7.92483e+10            0
 4.55669e+10  1.13917e+11   2.2024e+11  4.55669e+10 -1.13917e+11   2.2024e+11  8.89522e+11            0  5.93015e+11 -9.80656e+11            0  2.06699e+12

Reduced Global Mass Matrix
 0.000233761  3.32343e-06 -1.28695e-05            0            0            0  3.91501e-05            0            0  4.08366e-05 -3.32343e-06 -1.56616e-05
 3.32343e-06  0.000242529  0.000127782            0            0            0            0  3.02015e-05 -3.63537e-05 -3.32343e-06  3.38574e-05 -3.91541e-05
-1.28695e-05  0.000127782  0.000154439            0            0            0            0  3.63537e-05 -4.19465e-05  1.56616e-05  3.91541e-05 -5.24063e-05
           0            0            0  0.000216311 -3.32343e-06  4.35654e-06  3.91501e-05            0            0  4.08366e-05  3.32343e-06 -1.56616e-05
           0            0            0 -3.32343e-06  0.000226869 -0.000127782            0  3.02015e-05  3.63537e-05  3.32343e-06  3.38574e-05  3.91541e-05
           0            0            0  4.35654e-06 -0.000127782  0.000137884            0 -3.63537e-05 -4.19465e-05  1.56616e-05 -3.91541e-05 -5.24063e-05
 3.91501e-05            0            0  3.91501e-05            0            0    0.0001915            0  9.84346e-06  1.20806e-05            0 -5.81659e-06
           0  3.02015e-05  3.63537e-05            0  3.02015e-05 -3.63537e-05            0  0.000205818            0            0    1.566e-05            0
           0 -3.63537e-05 -4.19465e-05            0  3.63537e-05 -4.19465e-05  9.84346e-06            0  0.000115437  5.81659e-06            0 -2.68458e-06
 4.08366e-05 -3.32343e-06  1.56616e-05  4.08366e-05  3.32343e-06  1.56616e-05  1.20806e-05            0  5.81659e-06  0.000206222            0 -6.28521e-05
-3.32343e-06  3.38574e-05  3.91541e-05  3.32343e-06  3.38574e-05 -3.91541e-05            0    1.566e-05            0            0  0.000216601            0
-1.56616e-05 -3.91541e-05 -5.24063e-05 -1.56616e-05  3.91541e-05 -5.24063e-05 -5.81659e-06            0 -2.68458e-06 -6.28521e-05            0  0.000143329

Cholesky Decomposition L - Matrix
   0.0152892            0            0            0            0            0            0            0            0            0            0            0
  0.00021737    0.0155718            0            0            0            0            0            0            0            0            0            0
-0.000841737   0.00821774   0.00928437            0            0            0            0            0            0            0            0            0
           0            0            0    0.0147075            0            0            0            0            0            0            0            0
           0            0            0 -0.000225968    0.0150605            0            0            0            0            0            0            0
           0            0            0  0.000296212  -0.00848017   0.00811686            0            0            0            0            0            0
  0.00256063 -3.57444e-05  0.000263789   0.00266191  3.99394e-05 -5.54153e-05    0.0133335            0            0            0            0            0
           0    0.0019395    0.0021989            0   0.00200535  -0.00238368 -5.42173e-05    0.0136936            0            0            0            0
           0  -0.00233458   -0.0024516            0   0.00241384  -0.00264594  0.000762268 -8.67276e-05    0.0095163            0            0            0
  0.00267094 -0.000250709   0.00215094   0.00277658  0.000262332   0.00210227 -0.000196501  1.68658e-05   0.00163772     0.013397            0            0
 -0.00021737    0.0021773   0.00227033  0.000225968   0.00225148  -0.00247979 -5.94973e-05 -0.000290962 -0.000139439  3.43207e-05    0.0139743            0
 -0.00102436  -0.00250012  -0.00352455  -0.00106487   0.00258381  -0.00371815  1.29114e-05 -0.000105489  -0.00349464   -0.0027871  -0.00014282    0.0090532

L Inverse Matrix
  65.4055         0         0         0         0         0         0         0         0         0         0         0
-0.913008   64.2185         0         0         0         0         0         0         0         0         0         0
   6.7379  -56.8408   107.708         0         0         0         0         0         0         0         0         0
        0         0         0   67.9925         0         0         0         0         0         0         0         0
        0         0         0   1.02016   66.3989         0         0         0         0         0         0         0
        0         0         0  -1.41546   69.3709     123.2         0         0         0         0         0         0
 -12.6966   1.29669  -2.13089   -13.583 0.0894195  0.512033   74.9991         0         0         0         0         0
 -1.00292 0.0369632   -17.304 -0.449568    2.3522   21.4478  0.296945   73.0268         0         0         0         0
  2.51971   1.00739   27.7609  0.431596   2.46006   34.4095  -6.00482  0.665536   105.083         0         0         0
 -14.6316   10.2236   -20.696   -14.141  -12.4883  -23.5585   1.83374 -0.173293  -12.8459   74.6435         0         0
0.0511038 -0.779872  -17.5403  -1.54316   1.71675   22.7123   0.26108   1.52758   1.08009 -0.183324   71.5601         0
  6.24698 -0.871936   45.8016   2.92804   6.69952   57.2356  -1.85278   1.07857   36.6255   22.9767   1.12891   110.458

Z Matrix
 5.04459e+14  5.86214e+13 -1.25175e+15            0            0            0 -7.31757e+13  1.92412e+14 -3.00481e+14  1.05259e+14  1.29347e+14 -1.64053e+14
 5.86214e+13  3.96453e+14  1.44417e+15            0            0            0 -3.87496e+13 -5.55189e+14  1.42779e+15 -4.85041e+14 -4.71417e+14   1.8698e+15
-1.25175e+15  1.44417e+15  1.44044e+16            0            0            0 -4.08379e+13  -3.4009e+15  5.87211e+15 -3.05353e+15 -3.31525e+15  9.03874e+15
           0            0            0  1.24956e+15 -5.18296e+13 -3.02972e+15 -2.63168e+14 -5.20843e+14 -8.12913e+14  2.80726e+14 -4.94192e+14 -9.81172e+14
           0            0            0 -5.18296e+13  4.24306e+14 -1.69492e+15   2.0131e+12 -6.33213e+14 -1.57786e+15  5.39102e+14 -5.84196e+14 -2.11337e+15
           0            0            0 -3.02972e+15 -1.69492e+15  2.20986e+16  7.01805e+14  5.08983e+15   8.5979e+15 -4.19119e+15  5.25618e+15  1.34902e+16
-7.31757e+13 -3.87496e+13 -4.08379e+13 -2.63168e+14   2.0131e+12  7.01805e+14  5.07694e+15  1.75724e+14  6.75766e+15 -5.74996e+15  2.63483e+14  8.27173e+15
 1.92412e+14 -5.55189e+14  -3.4009e+15 -5.20843e+14 -6.33213e+14  5.08983e+15  1.75724e+14  2.60752e+15  6.69573e+14  -2.9404e+14  2.02467e+15  1.07784e+15
-3.00481e+14  1.42779e+15  5.87211e+15 -8.12913e+14 -1.57786e+15   8.5979e+15  6.75766e+15  6.69573e+14  2.86592e+16 -1.22008e+16  1.01267e+15  2.16553e+16
 1.05259e+14 -4.85041e+14 -3.05353e+15  2.80726e+14  5.39102e+14 -4.19119e+15 -5.74996e+15  -2.9404e+14 -1.22008e+16  8.35414e+15 -4.51109e+14 -1.49755e+16
 1.29347e+14 -4.71417e+14 -3.31525e+15 -4.94192e+14 -5.84196e+14  5.25618e+15  2.63483e+14  2.02467e+15  1.01267e+15 -4.51109e+14  2.43288e+15  1.37787e+15
-1.64053e+14   1.8698e+15  9.03874e+15 -9.81172e+14 -2.11337e+15  1.34902e+16  8.27173e+15  1.07784e+15  2.16553e+16 -1.49755e+16  1.37787e+15  4.12214e+16

Modal Analysis Success !!!!! 
Eigen Values 
6.11057e+11
9.79324e+12
2.27407e+13
1.95774e+14
 5.0564e+14
6.13618e+14
1.14432e+15
3.19497e+15
1.09704e+16
 1.3748e+16
2.29089e+16
7.41151e+16

Global Eigen Vector Matrix
        0         0         0         0         0         0         0         0         0         0         0         0
        0         0         0         0         0         0         0         0         0         0         0         0
        0         0         0         0         0         0         0         0         0         0         0         0
 0.000867  0.139227  0.291028        -1 -0.816821  0.781041 -0.244202 -0.171602 -0.024452 -0.038649    0.0258 -0.082665
        1  -0.14185        -1  0.559963 -0.059986  0.461078 -0.632169 -0.518295 -0.430965  0.483821 -0.245736   0.10072
 0.000279  0.055883  0.145179 -0.293849 -0.118497 -0.019112  0.202808  0.282858  0.784828        -1  0.740721 -0.665924
-0.004419   0.07894  0.183462    0.5149 -0.210906         1         1 -0.328646 -0.093194  0.017444  0.102008 -0.016229
 0.981827  0.122216  0.984554  0.744699 -0.077157  0.602643 -0.435858  0.591982  0.328263  -0.28382 -0.510739 -0.271077
-0.002858  0.045199  0.123661   0.26651  -0.06968  0.408019  0.118498  0.186607  0.414037 -0.405575        -1        -1
        0         0         0         0         0         0         0         0         0         0         0         0
        0         0         0         0         0         0         0         0         0         0         0         0
        0         0         0         0         0         0         0         0         0         0         0         0
 0.002372  0.891157 -0.470604  0.083668  0.146426 -0.238576 -0.032476         1 -0.375815  0.264976  0.053019 -0.069851
 0.996354  0.003688  0.020373 -0.065616 -0.884466 -0.969829  0.612526 -0.061825 -0.069901  0.098564 -0.228791 -0.034131
   -0.002  0.029261   0.21996  0.045855  0.076875 -0.139571 -0.116082 -0.652609  0.525796   0.93931   0.20493 -0.809482
-0.001374         1 -0.073372   0.20111  0.361254 -0.629648 -0.340385 -0.893442 -0.036011 -0.367809 -0.059827  0.059803
 0.998815  0.017972  0.047693 -0.844929         1  0.147214  0.435006 -0.051452 -0.063493  0.090997 -0.218231 -0.034369
-0.001747  0.081249  0.175845  0.071293  0.133123  -0.23952 -0.167043 -0.671854        -1 -0.666665   0.09212 -0.742056

