Global Stiffness Matrix
    4666.67           0       7e+06    -4666.67           0       7e+06           0           0           0           0           0           0
          0     1.4e+06           0           0    -1.4e+06           0           0           0           0           0           0           0
      7e+06           0     1.4e+10      -7e+06           0       7e+09           0           0           0           0           0           0
   -4666.67           0      -7e+06 1.05467e+06           0      -7e+06   -1.05e+06           0           0           0           0           0
          0    -1.4e+06           0           0 1.40197e+06  3.9375e+06           0    -1968.75  3.9375e+06           0           0           0
      7e+06           0       7e+09      -7e+06  3.9375e+06    2.45e+10           0 -3.9375e+06    5.25e+09           0           0           0
          0           0           0   -1.05e+06           0           0 1.05467e+06           0      -7e+06    -4666.67           0      -7e+06
          0           0           0           0    -1968.75 -3.9375e+06           0 1.40197e+06 -3.9375e+06           0    -1.4e+06           0
          0           0           0           0  3.9375e+06    5.25e+09      -7e+06 -3.9375e+06    2.45e+10       7e+06           0       7e+09
          0           0           0           0           0           0    -4666.67           0       7e+06     4666.67           0       7e+06
          0           0           0           0           0           0           0    -1.4e+06           0           0     1.4e+06           0
          0           0           0           0           0           0      -7e+06           0       7e+09       7e+06           0     1.4e+10

Global Point Mass Matrix
0 0 0 0 0 0 0 0 0 0 0 0
0 0 0 0 0 0 0 0 0 0 0 0
0 0 0 0 0 0 0 0 0 0 0 0
0 0 0 0 0 0 0 0 0 0 0 0
0 0 0 0 0 0 0 0 0 0 0 0
0 0 0 0 0 0 0 0 0 0 0 0
0 0 0 0 0 0 0 0 0 0 0 0
0 0 0 0 0 0 0 0 0 0 0 0
0 0 0 0 0 0 0 0 0 0 0 0
0 0 0 0 0 0 0 0 0 0 0 0
0 0 0 0 0 0 0 0 0 0 0 0
0 0 0 0 0 0 0 0 0 0 0 0

Global Consistent Mass Matrix
 0.175277         0   74.1557 0.0606729         0  -43.8193         0         0         0         0         0         0
        0    0.1573         0         0   0.07865         0         0         0         0         0         0         0
  74.1557         0   40448.6   43.8193         0  -30336.4         0         0         0         0         0         0
0.0606729         0   43.8193   0.38501         0  -74.1557  0.104867         0         0         0         0         0
        0   0.07865         0         0  0.391003   131.832         0 0.0808971   -77.901         0         0         0
 -43.8193         0  -30336.4  -74.1557   131.832    136327         0    77.901  -71908.6         0         0         0
        0         0         0  0.104867         0         0   0.38501         0  -74.1557 0.0606729         0   43.8193
        0         0         0         0 0.0808971    77.901         0  0.391003  -131.832         0   0.07865         0
        0         0         0         0   -77.901  -71908.6  -74.1557  -131.832    136327  -43.8193         0  -30336.4
        0         0         0         0         0         0 0.0606729         0  -43.8193  0.175277         0   74.1557
        0         0         0         0         0         0         0   0.07865         0         0    0.1573         0
        0         0         0         0         0         0   43.8193         0  -30336.4   74.1557         0   40448.6

Global DOF Matrix
0
0
0
1
1
1
1
1
1
0
0
0

Reduced Global Stiffness Matrix
1.05467e+06           0      -7e+06   -1.05e+06           0           0
          0 1.40197e+06  3.9375e+06           0    -1968.75  3.9375e+06
     -7e+06  3.9375e+06    2.45e+10           0 -3.9375e+06    5.25e+09
  -1.05e+06           0           0 1.05467e+06           0      -7e+06
          0    -1968.75 -3.9375e+06           0 1.40197e+06 -3.9375e+06
          0  3.9375e+06    5.25e+09      -7e+06 -3.9375e+06    2.45e+10

Reduced Global Mass Matrix
  0.38501         0  -74.1557  0.104867         0         0
        0  0.391003   131.832         0 0.0808971   -77.901
 -74.1557   131.832    136327         0    77.901  -71908.6
 0.104867         0         0   0.38501         0  -74.1557
        0 0.0808971    77.901         0  0.391003  -131.832
        0   -77.901  -71908.6  -74.1557  -131.832    136327

Cholesky Decomposition L - Matrix
  0.620492          0          0          0          0          0
         0   0.625302          0          0          0          0
  -119.511     210.83    278.558          0          0          0
  0.169006          0  0.0725093   0.592613          0          0
         0   0.129373   0.181741 -0.0222369   0.583731          0
         0   -124.581   -163.855   -105.085   -151.221    245.045

L Inverse Matrix
     1.61162           -0  2.64399e-18           -0 -8.91332e-16  2.10939e-19
-2.85172e-17      1.59923  4.45582e-19           -0 -4.56276e-16 -8.91164e-19
    0.691443     -1.21039   0.00358992           -0 -3.70752e-17  7.64988e-19
   -0.544216     0.148098 -0.000439246      1.68744  4.78791e-16  2.27693e-18
   -0.236008    0.0280512  -0.00113443    0.0642823      1.71312  1.01708e-18
   0.0833237    0.0845131   0.00151204     0.763312       1.0572   0.00408089

Z Matrix
 2.73932e+06 -3.27145e-11  1.13476e+06 -3.77556e+06      -497130 -1.16711e+06
-3.27145e-11  3.58557e+06 -2.69118e+06       329280      50355.5       221374
 1.13476e+06 -2.69118e+06  2.80496e+06 -1.89193e+06      -369063      -474223
-3.77556e+06       329280 -1.89193e+06   5.2756e+06       719497  1.55349e+06
     -497130      50355.5      -369063       719497  4.25318e+06  2.65886e+06
-1.16711e+06       221374      -474223  1.55349e+06  2.65886e+06  2.50545e+06

Modal Analysis Success !!!!! 
Eigen Values 
    6569.65
      91150
     518346
4.86436e+06
5.55165e+06
 1.0132e+07

Global Eigen Vector Matrix
        0         0         0         0         0         0
        0         0         0         0         0         0
        0         0         0         0         0         0
       -1 -0.008218         1  0.418463  0.162417         1
 0.001193        -1  0.128062         1        -1 -0.619518
-0.000222 -0.070982  0.007929 -0.000878   0.00109  0.000986
       -1  0.008218         1 -0.418463  0.162417        -1
-0.001193        -1 -0.128062         1         1 -0.619518
-0.000222  0.070982  0.007929  0.000878   0.00109 -0.000986
        0         0         0         0         0         0
        0         0         0         0         0         0
        0         0         0         0         0         0

