Global Stiffness Matrix
    263.563           0      395344    -263.563           0      395344           0           0           0           0           0           0
          0      414001           0           0     -414001           0           0           0           0           0           0           0
     395344           0 7.90688e+08     -395344           0 3.95344e+08           0           0           0           0           0           0
   -263.563           0     -395344      310765           0     -395344     -310501           0           0           0           0           0
          0     -414001           0           0      414113      222381           0     -111.19      222381           0           0           0
     395344           0 3.95344e+08     -395344      222381  1.3837e+09           0     -222381 2.96508e+08           0           0           0
          0           0           0     -310501           0           0      310765           0     -395344    -263.563           0     -395344
          0           0           0           0     -111.19     -222381           0      414113     -222381           0     -414001           0
          0           0           0           0      222381 2.96508e+08     -395344     -222381  1.3837e+09      395344           0 3.95344e+08
          0           0           0           0           0           0    -263.563           0      395344     263.563           0      395344
          0           0           0           0           0           0           0     -414001           0           0      414001           0
          0           0           0           0           0           0     -395344           0 3.95344e+08      395344           0 7.90688e+08

Global Point Mass Matrix
0 0 0 0 0 0 0 0 0 0 0 0
0 0 0 0 0 0 0 0 0 0 0 0
0 0 0 0 0 0 0 0 0 0 0 0
0 0 0 0 0 0 0 0 0 0 0 0
0 0 0 0 0 0 0 0 0 0 0 0
0 0 0 0 0 0 0 0 0 0 0 0
0 0 0 0 0 0 0 0 0 0 0 0
0 0 0 0 0 0 0 0 0 0 0 0
0 0 0 0 0 0 0 0 0 0 0 0
0 0 0 0 0 0 0 0 0 0 0 0
0 0 0 0 0 0 0 0 0 0 0 0
0 0 0 0 0 0 0 0 0 0 0 0

Global Consistent Mass Matrix
0.0523493         0   22.1478 0.0181209         0  -13.0873         0         0         0         0         0         0
        0 0.0469802         0         0 0.0234901         0         0         0         0         0         0         0
  22.1478         0   12080.6   13.0873         0  -9060.46         0         0         0         0         0         0
0.0181209         0   13.0873   0.11499         0  -22.1478 0.0313201         0         0         0         0         0
        0 0.0234901         0         0  0.116779   39.3738         0 0.0241612  -23.2664         0         0         0
 -13.0873         0  -9060.46  -22.1478   39.3738   40716.1         0   23.2664  -21476.6         0         0         0
        0         0         0 0.0313201         0         0   0.11499         0  -22.1478 0.0181209         0   13.0873
        0         0         0         0 0.0241612   23.2664         0  0.116779  -39.3738         0 0.0234901         0
        0         0         0         0  -23.2664  -21476.6  -22.1478  -39.3738   40716.1  -13.0873         0  -9060.46
        0         0         0         0         0         0 0.0181209         0  -13.0873 0.0523493         0   22.1478
        0         0         0         0         0         0         0 0.0234901         0         0 0.0469802         0
        0         0         0         0         0         0   13.0873         0  -9060.46   22.1478         0   12080.6

Global DOF Matrix
0
0
0
1
1
1
1
1
1
0
0
0

Reduced Global Stiffness Matrix
     310765           0     -395344     -310501           0           0
          0      414113      222381           0     -111.19      222381
    -395344      222381  1.3837e+09           0     -222381 2.96508e+08
    -310501           0           0      310765           0     -395344
          0     -111.19     -222381           0      414113     -222381
          0      222381 2.96508e+08     -395344     -222381  1.3837e+09

Reduced Global Mass Matrix
  0.11499         0  -22.1478 0.0313201         0         0
        0  0.116779   39.3738         0 0.0241612  -23.2664
 -22.1478   39.3738   40716.1         0   23.2664  -21476.6
0.0313201         0         0   0.11499         0  -22.1478
        0 0.0241612   23.2664         0  0.116779  -39.3738
        0  -23.2664  -21476.6  -22.1478  -39.3738   40716.1

Cholesky Decomposition L - Matrix
  0.339101          0          0          0          0          0
         0    0.34173          0          0          0          0
  -65.3132    115.219    152.233          0          0          0
 0.0923622          0  0.0396266   0.323865          0          0
         0  0.0707027  0.0993219 -0.0121526   0.319011          0
         0   -68.0841   -89.5473   -57.4293   -82.6431    133.918

L Inverse Matrix
     2.94897           -0  1.96136e-18 -1.60683e-16  1.47285e-15 -1.25534e-18
-1.56544e-16      2.92629 -8.15332e-19  -4.1745e-16    8.349e-16 -3.26133e-18
     1.26521      -2.2148   0.00656888  2.47013e-16           -0  1.92979e-18
   -0.995815     0.270992 -0.000803738      3.08771           -0           -0
   -0.431851    0.0513286   -0.0020758     0.117625      3.13469           -0
    0.152467     0.154643   0.00276676      1.39672      1.93447   0.00746727

Z Matrix
 2.70255e+06   2.3971e-10  1.15183e+06 -3.73895e+06      -501048 -1.14242e+06
  2.3971e-10  3.54611e+06 -2.67964e+06       327869      59829.8       193429
 1.15183e+06 -2.67964e+06  2.57548e+06 -1.85662e+06      -282500      -599841
-3.73895e+06       327869 -1.85662e+06    5.211e+06       704356  1.58413e+06
     -501048      59829.8      -282500       704356  4.17214e+06  2.70821e+06
-1.14242e+06       193429      -599841  1.58413e+06  2.70821e+06  2.12407e+06

Modal Analysis Success !!!!! 
Eigen Values 
    1242.98
    17434.5
    98961.5
4.77152e+06
5.43931e+06
1.00029e+07

Global Eigen Vector Matrix
        0         0         0         0         0         0
        0         0         0         0         0         0
        0         0         0         0         0         0
       -1  0.005599        -1 -0.410098  -0.15506         1
 0.000228         1 -0.022452        -1         1 -0.613637
-0.000222  0.376838 -0.007913  0.000865 -0.001027  0.000975
       -1 -0.005599        -1  0.410098  -0.15506        -1
-0.000228         1  0.022452        -1        -1 -0.613637
-0.000222 -0.376838 -0.007913 -0.000865 -0.001027 -0.000975
        0         0         0         0         0         0
        0         0         0         0         0         0
        0         0         0         0         0         0

