Global Stiffness Matrix
    0.124444 -1.71443e-13      18.6666 -1.71451e-13    -0.124444      18.6666
-1.71443e-13         2800    1.143e-15         2800 -7.62001e-18    1.143e-15
     18.6666    1.143e-15      3733.32            0     -18.6666      1866.66
-1.71451e-13         2800            0         2800            0            0
   -0.124444 -7.62001e-18     -18.6666            0     0.124444     -18.6666
     18.6666    1.143e-15      1866.66            0     -18.6666      3733.32

Global Point Mass Matrix
0 0 0 0 0 0
0 0 0 0 0 0
0 0 0 0 0 0
0 0 0 0 0 0
0 0 0 0 0 0
0 0 0 0 0 0

Global Consistent Mass Matrix
 3.50554e-06  2.20157e-23  0.000148311  9.63185e-23  1.21346e-06 -8.76386e-05
 2.20157e-23    3.146e-06  9.08146e-21   -1.573e-06  7.43028e-23 -5.36631e-21
 0.000148311  9.08146e-21   0.00808971            0  8.76386e-05  -0.00606729
 9.63185e-23   -1.573e-06            0    3.146e-06            0            0
 1.21346e-06  7.43028e-23  8.76386e-05            0  3.50554e-06 -0.000148311
-8.76386e-05 -5.36631e-21  -0.00606729            0 -0.000148311   0.00808971

Global DOF Matrix
0
0
0
1
1
1

Reduced Global Stiffness Matrix
    2800        0        0
       0 0.124444 -18.6666
       0 -18.6666  3733.32

Reduced Global Mass Matrix
   3.146e-06            0            0
           0  3.50554e-06 -0.000148311
           0 -0.000148311   0.00808971

Cholesky Decomposition L - Matrix
 0.0017737          0          0
         0 0.00187231          0
         0 -0.0792131  0.0426028

L Inverse Matrix
563.794       0       0
     -0   534.1      -0
      0 993.073 23.4726

Z Matrix
8.90019e+08           0           0
          0     35499.2     -168013
          0     -168013 1.30942e+06

Modal Analysis Success !!!!! 
Eigen Values 
    13713.1
 1.3312e+06
8.90019e+08

Global Eigen Vector Matrix
        0         0         0
        0         0         0
        0         0         0
        0         0         1
       -1        -1         0
-0.004592 -0.025408         0

