Global Stiffness Matrix
 3.10501e+08            0            0 -3.10501e+08            0            0            0            0            0            0            0            0            0            0            0            0            0            0
           0   1.1119e+11  2.22381e+11            0  -1.1119e+11  2.22381e+11            0            0            0            0            0            0            0            0            0            0            0            0
           0  2.22381e+11  5.93015e+11            0 -2.22381e+11  2.96507e+11            0            0            0            0            0            0            0            0            0            0            0            0
-3.10501e+08            0            0  4.73916e+09            0  2.47089e+10 -3.10501e+08            0            0            0            0            0  4.11816e+09  5.04329e-07  2.47089e+10            0            0            0
           0  -1.1119e+11 -2.22381e+11            0  2.22484e+11            0            0  -1.1119e+11  2.22381e+11            0            0            0 -1.26751e-08    1.035e+08            0            0            0            0
           0  2.22381e+11  2.96507e+11  2.47089e+10            0   1.3837e+12            0 -2.22381e+11  2.96507e+11            0            0            0  2.47089e+10  3.02597e-06  9.88358e+10            0            0            0
           0            0            0 -3.10501e+08            0            0  1.40702e+09            0  8.89522e+09 -2.07001e+08            0            0            0            0            0  8.89522e+08  1.08935e-07  8.89522e+09
           0            0            0            0  -1.1119e+11 -2.22381e+11            0  1.44198e+11 -1.23545e+11            0 -3.29453e+10  9.88358e+10            0            0            0 -7.60508e-09  6.21002e+07            0
           0            0            0            0  2.22381e+11  2.96507e+11  8.89522e+09 -1.23545e+11  1.10696e+12            0 -9.88358e+10  1.97672e+11            0            0            0  8.89522e+09  1.08935e-06  5.93015e+10
           0            0            0            0            0            0 -2.07001e+08            0            0  2.07001e+08            0            0            0            0            0            0            0            0
           0            0            0            0            0            0            0 -3.29453e+10 -9.88358e+10            0  3.29453e+10 -9.88358e+10            0            0            0            0            0            0
           0            0            0            0            0            0            0  9.88358e+10  1.97672e+11            0 -9.88358e+10  3.95343e+11            0            0            0            0            0            0
           0            0            0  4.11816e+09 -1.26751e-08  2.47089e+10            0            0            0            0            0            0  4.11816e+09  4.91654e-07  2.47089e+10            0            0            0
           0            0            0  5.04329e-07    1.035e+08  3.02597e-06            0            0            0            0            0            0  4.91654e-07    1.035e+08  3.02597e-06            0            0            0
           0            0            0  2.47089e+10            0  9.88358e+10            0            0            0            0            0            0  2.47089e+10  3.02597e-06  1.97672e+11            0            0            0
           0            0            0            0            0            0  8.89522e+08 -7.60508e-09  8.89522e+09            0            0            0            0            0            0  8.89522e+08   1.0133e-07  8.89522e+09
           0            0            0            0            0            0  1.08935e-07  6.21002e+07  1.08935e-06            0            0            0            0            0            0   1.0133e-07  6.21002e+07  1.08935e-06
           0            0            0            0            0            0  8.89522e+09            0  5.93015e+10            0            0            0            0            0            0  8.89522e+09  1.08935e-06  1.18603e+11

Global Point Mass Matrix
0 0 0 0 0 0 0 0 0 0 0 0 0 0 0 0 0 0
0 0 0 0 0 0 0 0 0 0 0 0 0 0 0 0 0 0
0 0 0 0 0 0 0 0 0 0 0 0 0 0 0 0 0 0
0 0 0 0 0 0 0 0 0 0 0 0 0 0 0 0 0 0
0 0 0 0 0 0 0 0 0 0 0 0 0 0 0 0 0 0
0 0 0 0 0 0 0 0 0 0 0 0 0 0 0 0 0 0
0 0 0 0 0 0 0 0 0 0 0 0 0 0 0 0 0 0
0 0 0 0 0 0 0 0 0 0 0 0 0 0 0 0 0 0
0 0 0 0 0 0 0 0 0 0 0 0 0 0 0 0 0 0
0 0 0 0 0 0 0 0 0 0 0 0 0 0 0 0 0 0
0 0 0 0 0 0 0 0 0 0 0 0 0 0 0 0 0 0
0 0 0 0 0 0 0 0 0 0 0 0 0 0 0 0 0 0
0 0 0 0 0 0 0 0 0 0 0 0 0 0 0 0 0 0
0 0 0 0 0 0 0 0 0 0 0 0 0 0 0 0 0 0
0 0 0 0 0 0 0 0 0 0 0 0 0 0 0 0 0 0
0 0 0 0 0 0 0 0 0 0 0 0 0 0 0 0 0 0
0 0 0 0 0 0 0 0 0 0 0 0 0 0 0 0 0 0
0 0 0 0 0 0 0 0 0 0 0 0 0 0 0 0 0 0

Global Consistent Mass Matrix
 6.26402e-05            0            0  3.13201e-05            0            0            0            0            0            0            0            0            0            0            0            0            0            0
           0  6.97991e-05  3.93738e-05            0  2.41612e-05 -2.32664e-05            0            0            0            0            0            0            0            0            0            0            0            0
           0  3.93738e-05  2.86355e-05            0  2.32664e-05 -2.14766e-05            0            0            0            0            0            0            0            0            0            0            0            0
 3.13201e-05            0            0  0.000334678            0  0.000354364  3.13201e-05            0            0            0            0            0 -7.24836e-05 -8.87669e-21 -0.000209397            0            0            0
           0  2.41612e-05  2.32664e-05            0  0.000327519            0            0  2.41612e-05 -2.32664e-05            0            0            0  1.15068e-20 -9.39603e-05            0            0            0            0
           0 -2.32664e-05 -2.14766e-05  0.000354364            0   0.00083043            0  2.32664e-05 -2.14766e-05            0            0            0 -0.000209397 -2.56438e-20 -0.000579869            0            0            0
           0            0            0  3.13201e-05            0            0  0.000505596            0  0.000984346  4.69801e-05            0            0            0            0            0 -0.000120806 -1.47945e-20 -0.000581659
           0            0            0            0  2.41612e-05  2.32664e-05            0  0.000487699  4.92173e-05            0  3.62418e-05 -5.23493e-05            0            0            0   1.9178e-20   -0.0001566            0
           0            0            0            0 -2.32664e-05 -2.14766e-05  0.000984346  4.92173e-05   0.00370472            0  5.23493e-05 -7.24836e-05            0            0            0 -0.000581659 -7.12327e-20  -0.00268458
           0            0            0            0            0            0  4.69801e-05            0            0  9.39603e-05            0            0            0            0            0            0            0            0
           0            0            0            0            0            0            0  3.62418e-05  5.23493e-05            0  0.000104699 -8.85911e-05            0            0            0            0            0            0
           0            0            0            0            0            0            0 -5.23493e-05 -7.24836e-05            0 -8.85911e-05  9.66448e-05            0            0            0            0            0            0
           0            0            0 -7.24836e-05  1.15068e-20 -0.000209397            0            0            0            0            0            0  0.000209397  2.63013e-21  0.000354364            0            0            0
           0            0            0 -8.87669e-21 -9.39603e-05 -2.56438e-20            0            0            0            0            0            0  2.63013e-21  0.000187921  4.33971e-20            0            0            0
           0            0            0 -0.000209397            0 -0.000579869            0            0            0            0            0            0  0.000354364  4.33971e-20  0.000773159            0            0            0
           0            0            0            0            0            0 -0.000120806   1.9178e-20 -0.000581659            0            0            0            0            0            0  0.000348995  4.38355e-21  0.000984346
           0            0            0            0            0            0 -1.47945e-20   -0.0001566 -7.12327e-20            0            0            0            0            0            0  4.38355e-21  0.000313201  1.20548e-19
           0            0            0            0            0            0 -0.000581659            0  -0.00268458            0            0            0            0            0            0  0.000984346  1.20548e-19   0.00357944

Global DOF Matrix
1
1
1
1
1
1
1
1
1
1
1
1
0
0
0
0
0
0

Reduced Global Stiffness Matrix
 3.10501e+08            0            0 -3.10501e+08            0            0            0            0            0            0            0            0
           0   1.1119e+11  2.22381e+11            0  -1.1119e+11  2.22381e+11            0            0            0            0            0            0
           0  2.22381e+11  5.93015e+11            0 -2.22381e+11  2.96507e+11            0            0            0            0            0            0
-3.10501e+08            0            0  4.73916e+09            0  2.47089e+10 -3.10501e+08            0            0            0            0            0
           0  -1.1119e+11 -2.22381e+11            0  2.22484e+11            0            0  -1.1119e+11  2.22381e+11            0            0            0
           0  2.22381e+11  2.96507e+11  2.47089e+10            0   1.3837e+12            0 -2.22381e+11  2.96507e+11            0            0            0
           0            0            0 -3.10501e+08            0            0  1.40702e+09            0  8.89522e+09 -2.07001e+08            0            0
           0            0            0            0  -1.1119e+11 -2.22381e+11            0  1.44198e+11 -1.23545e+11            0 -3.29453e+10  9.88358e+10
           0            0            0            0  2.22381e+11  2.96507e+11  8.89522e+09 -1.23545e+11  1.10696e+12            0 -9.88358e+10  1.97672e+11
           0            0            0            0            0            0 -2.07001e+08            0            0  2.07001e+08            0            0
           0            0            0            0            0            0            0 -3.29453e+10 -9.88358e+10            0  3.29453e+10 -9.88358e+10
           0            0            0            0            0            0            0  9.88358e+10  1.97672e+11            0 -9.88358e+10  3.95343e+11

Reduced Global Mass Matrix
 6.26402e-05            0            0  3.13201e-05            0            0            0            0            0            0            0            0
           0  6.97991e-05  3.93738e-05            0  2.41612e-05 -2.32664e-05            0            0            0            0            0            0
           0  3.93738e-05  2.86355e-05            0  2.32664e-05 -2.14766e-05            0            0            0            0            0            0
 3.13201e-05            0            0  0.000334678            0  0.000354364  3.13201e-05            0            0            0            0            0
           0  2.41612e-05  2.32664e-05            0  0.000327519            0            0  2.41612e-05 -2.32664e-05            0            0            0
           0 -2.32664e-05 -2.14766e-05  0.000354364            0   0.00083043            0  2.32664e-05 -2.14766e-05            0            0            0
           0            0            0  3.13201e-05            0            0  0.000505596            0  0.000984346  4.69801e-05            0            0
           0            0            0            0  2.41612e-05  2.32664e-05            0  0.000487699  4.92173e-05            0  3.62418e-05 -5.23493e-05
           0            0            0            0 -2.32664e-05 -2.14766e-05  0.000984346  4.92173e-05   0.00370472            0  5.23493e-05 -7.24836e-05
           0            0            0            0            0            0  4.69801e-05            0            0  9.39603e-05            0            0
           0            0            0            0            0            0            0  3.62418e-05  5.23493e-05            0  0.000104699 -8.85911e-05
           0            0            0            0            0            0            0 -5.23493e-05 -7.24836e-05            0 -8.85911e-05  9.66448e-05

Cholesky Decomposition L - Matrix
  0.00791455            0            0            0            0            0            0            0            0            0            0            0
           0   0.00835458            0            0            0            0            0            0            0            0            0            0
           0   0.00471284   0.00253469            0            0            0            0            0            0            0            0            0
  0.00395728            0            0    0.0178611            0            0            0            0            0            0            0            0
           0   0.00289197   0.00380203            0    0.0174557            0            0            0            0            0            0            0
           0  -0.00278486  -0.00329509    0.0198401   0.00117909    0.0204156            0            0            0            0            0            0
           0            0            0   0.00175354            0   -0.0017041    0.0223521            0            0            0            0            0
           0            0            0            0   0.00138415   0.00105969  8.07899e-05    0.0220148            0            0            0            0
           0            0            0            0  -0.00133288  -0.00097499    0.0439638   0.00220504    0.0420037            0            0            0
           0            0            0            0            0            0   0.00210182 -7.71325e-06   -0.0021995   0.00920352            0            0
           0            0            0            0            0            0            0   0.00164624   0.00115988  0.000278573    0.0100282            0
           0            0            0            0            0            0            0  -0.00237791  -0.00160082 -0.000384563  -0.00824797    0.0045001

L Inverse Matrix
     126.349            0            0            0            0            0            0            0            0            0            0            0
           0      119.695            0            0            0            0            0            0            0            0            0            0
 3.47203e-14     -222.553      394.526 -6.94407e-14            0  3.47203e-14            0            0            0            0            0            0
    -27.9939  2.79793e-15  1.11917e-14      55.9877            0  5.59587e-15            0            0            0            0            0            0
-7.56246e-15       28.644     -85.9321  1.51249e-14       57.288 -7.56246e-15           -0           -0           -0           -0           -0           -0
     27.2046     -21.2471      68.6396     -54.4092     -3.30863       48.982            0            0            0            0            0            0
     4.27019     -1.61986      5.23301     -8.54038    -0.252246      3.73434      44.7385            0  5.05161e-15            0            0            0
    -1.32518    -0.772264      2.07965      2.65035     -3.44171     -2.37147    -0.164181      45.4239 -1.97031e-17            0            0            0
    -3.76842      2.15175     -6.71996      7.53684      2.18579     -2.64714     -46.8176     -2.38458      23.8074           -0           -0           -0
    -1.87689     0.883517     -2.79929      3.75379     0.577091     -1.48743     -21.4058     -0.53181       5.6896      108.654            0            0
    0.705541    -0.146642     0.513605     -1.41108     0.296152     0.736794      6.03657     -7.16625     -2.91165     -3.01828      99.7184            0
   -0.908025     0.164097    -0.589438      1.81605    -0.448978    -0.971465     -7.50634      9.97425      3.61862      3.75317      182.768      222.217

Z Matrix
  4.9569e+12            0   0.00408641 -3.29473e+12 -0.000890063  3.20184e+12   5.0258e+11 -1.55966e+11 -4.43524e+11 -2.20901e+11  8.30385e+10  -1.0687e+11
           0  1.59301e+15  7.53948e+15     0.484086 -2.66854e+15  2.89209e+15   2.2049e+14  2.77595e+13 -2.49785e+14 -1.10025e+14  2.73898e+13 -3.33884e+13
  0.00408641  7.53948e+15  5.87591e+16      2.64651  -1.7656e+16  1.48376e+16   1.1312e+15  3.91728e+14 -1.42042e+15 -5.97464e+14  1.16578e+14 -1.35678e+14
-3.29473e+12     0.484086      2.64651  1.60721e+13    -0.817043  5.21426e+13  1.93669e+12 -2.51701e+12 -6.84594e+11 -6.08001e+11  5.09266e+11 -6.92106e+11
-0.000890063 -2.66854e+15  -1.7656e+16    -0.817043  5.93025e+15 -4.49222e+15 -3.42482e+14 -4.44708e+14  7.69018e+14  2.61624e+14 -2.32097e+13  1.83909e+13
 3.20184e+12  2.89209e+15  1.48376e+16  5.21426e+13 -4.49222e+15   7.0175e+15  5.31672e+14 -5.35376e+14 -1.79786e+14 -1.64834e+14  1.13261e+14 -1.53351e+14
  5.0258e+11   2.2049e+14   1.1312e+15  1.93669e+12 -3.42482e+14  5.31672e+14  4.33171e+13 -4.06662e+13 -7.23039e+12 -1.26606e+13  7.86378e+12 -1.07295e+13
-1.55966e+11  2.77595e+13  3.91728e+14 -2.51701e+12 -4.44708e+14 -5.35376e+14 -4.06662e+13  3.92746e+14 -1.73194e+14 -3.17708e+13 -1.92788e+14  7.87503e+14
-4.43524e+11 -2.49785e+14 -1.42042e+15 -6.84594e+11  7.69018e+14 -1.79786e+14 -7.23039e+12 -1.73194e+14  6.54292e+14  1.58925e+14 -2.78465e+14  6.37825e+14
-2.20901e+11 -1.10025e+14 -5.97464e+14 -6.08001e+11  2.61624e+14 -1.64834e+14 -1.26606e+13 -3.17708e+13  1.58925e+14  4.37705e+13   -6.871e+13  1.55794e+14
 8.30385e+10  2.73898e+13  1.16578e+14  5.09266e+11 -2.32097e+13  1.13261e+14  7.86378e+12 -1.92788e+14 -2.78465e+14   -6.871e+13  4.45604e+14 -1.86549e+15
 -1.0687e+11 -3.33884e+13 -1.35678e+14 -6.92106e+11  1.83909e+13 -1.53351e+14 -1.07295e+13  7.87503e+14  6.37825e+14  1.55794e+14 -1.86549e+15  1.31233e+16

Modal Analysis Success !!!!! 
Eigen Values 
1.42284e+11
6.57609e+11
2.74909e+12
4.39828e+12
9.36142e+12
2.15493e+13
1.37281e+14
4.82133e+14
1.21884e+15
3.48333e+15
1.34793e+16
6.91843e+16

Global Eigen Vector Matrix
-0.017941 -0.326142        -1         1        -1  0.672298     0.072  0.079443 -0.018409  0.346338 -0.007558 -0.016992
 0.957094   -0.2681 -0.237664 -0.012104  0.455113  0.532549        -1 -0.754974        -1         1 -0.006647  0.502732
 0.002541  0.036439  0.037559 -0.001089 -0.068268 -0.057864  0.269363  0.292957  0.515255 -0.628976  0.006932        -1
-0.017179 -0.265278 -0.348706  0.078062  0.457015 -0.709087 -0.129452 -0.154084  0.036373 -0.689727  0.015099  0.033977
 0.967374 -0.122477 -0.087911 -0.016507  0.185207  0.309945 -0.013565  0.204168  0.446659  0.031721 -0.003561  0.041884
 0.002656   0.03631  0.037094 -0.001138 -0.065208  -0.04922  0.184461  0.102879 -0.003674   0.63194 -0.009204 -0.030134
-0.029989 -0.610401 -0.137988 -0.489784 -0.094734  0.254398  0.127218    0.5109  -0.32377 -0.013837 -0.049977 -0.005399
 0.979301  0.030487  0.041748 -0.000447 -0.077313   -0.0635  0.329578 -0.166553 -0.197913 -0.127368  0.061772 -0.000611
 0.003147  0.040031  0.027141  0.009032  -0.06173 -0.122349 -0.060285 -0.248075   0.15813  0.028854  0.024006  0.001563
-0.033094        -1  0.904113  0.982194    0.0911 -0.170654 -0.066721 -0.258968  0.162764  0.006932  0.025001    0.0027
        1  0.272427  0.210414  0.056048 -0.493124        -1 -0.934861         1 -0.114622   0.08668   0.75729  0.000956
 0.003551  0.040428  0.028456  0.009556 -0.072016 -0.168344 -0.270769  0.385652 -0.043204  0.079112         1   0.00185
        0         0         0         0         0         0         0         0         0         0         0         0
        0         0         0         0         0         0         0         0         0         0         0         0
        0         0         0         0         0         0         0         0         0         0         0         0
        0         0         0         0         0         0         0         0         0         0         0         0
        0         0         0         0         0         0         0         0         0         0         0         0
        0         0         0         0         0         0         0         0         0         0         0         0

