Global Stiffness Matrix
    263.562           0      395343    -263.562           0      395343           0           0           0           0           0           0
          0      414001           0           0     -414001           0           0           0           0           0           0           0
     395343           0 7.90686e+08     -395343           0 3.95343e+08           0           0           0           0           0           0
   -263.562           0     -395343      976124           0     -395343     -621002           0           0     -354858           0           0
          0     -414001           0           0      415057      599066           0    -889.522      889522           0    -165.975     -290456
     395343           0 3.95343e+08     -395343      599066 2.65445e+09           0     -889522 5.93015e+08           0      290456 3.38866e+08
          0           0           0     -621002           0           0      621002           0           0           0           0           0
          0           0           0           0    -889.522     -889522           0     889.522     -889522           0           0           0
          0           0           0           0      889522 5.93015e+08           0     -889522 1.18603e+09           0           0           0
          0           0           0     -354858           0           0           0           0           0      354858           0           0
          0           0           0           0    -165.975      290456           0           0           0           0     165.975      290456
          0           0           0           0     -290456 3.38866e+08           0           0           0           0      290456 6.77731e+08

Global Point Mass Matrix
0 0 0 0 0 0 0 0 0 0 0 0
0 0 0 0 0 0 0 0 0 0 0 0
0 0 0 0 0 0 0 0 0 0 0 0
0 0 0 0 0 0 0 0 0 0 0 0
0 0 0 0 0 0 0 0 0 0 0 0
0 0 0 0 0 0 0 0 0 0 0 0
0 0 0 0 0 0 0 0 0 0 0 0
0 0 0 0 0 0 0 0 0 0 0 0
0 0 0 0 0 0 0 0 0 0 0 0
0 0 0 0 0 0 0 0 0 0 0 0
0 0 0 0 0 0 0 0 0 0 0 0
0 0 0 0 0 0 0 0 0 0 0 0

Global Consistent Mass Matrix
0.0523493         0   22.1478 0.0181209         0  -13.0873         0         0         0         0         0         0
        0 0.0469801         0         0 0.0234901         0         0         0         0         0         0         0
  22.1478         0   12080.6   13.0873         0  -9060.46         0         0         0         0         0         0
0.0181209         0   13.0873   0.13848         0  -22.1478   0.01566         0         0 0.0274051         0         0
        0 0.0234901         0         0  0.142954  -20.3021         0 0.0120806  -5.81659         0 0.0211411   17.8133
 -13.0873         0  -9060.46  -22.1478  -20.3021   34843.6         0   5.81659  -2684.58         0  -17.8133  -14387.7
        0         0         0   0.01566         0         0 0.0313201         0         0         0         0         0
        0         0         0         0 0.0120806   5.81659         0 0.0348995  -9.84346         0         0         0
        0         0         0         0  -5.81659  -2684.58         0  -9.84346   3579.44         0         0         0
        0         0         0 0.0274051         0         0         0         0         0 0.0548102         0         0
        0         0         0         0 0.0211411  -17.8133         0         0         0         0 0.0610742   30.1456
        0         0         0         0   17.8133  -14387.7         0         0         0         0   30.1456   19183.6

Global DOF Matrix
0
0
0
1
1
1
1
1
1
1
1
1

Reduced Global Stiffness Matrix
     976124           0     -395343     -621002           0           0     -354858           0           0
          0      415057      599066           0    -889.522      889522           0    -165.975     -290456
    -395343      599066 2.65445e+09           0     -889522 5.93015e+08           0      290456 3.38866e+08
    -621002           0           0      621002           0           0           0           0           0
          0    -889.522     -889522           0     889.522     -889522           0           0           0
          0      889522 5.93015e+08           0     -889522 1.18603e+09           0           0           0
    -354858           0           0           0           0           0      354858           0           0
          0    -165.975      290456           0           0           0           0     165.975      290456
          0     -290456 3.38866e+08           0           0           0           0      290456 6.77731e+08

Reduced Global Mass Matrix
  0.13848         0  -22.1478   0.01566         0         0 0.0274051         0         0
        0  0.142954  -20.3021         0 0.0120806  -5.81659         0 0.0211411   17.8133
 -22.1478  -20.3021   34843.6         0   5.81659  -2684.58         0  -17.8133  -14387.7
  0.01566         0         0 0.0313201         0         0         0         0         0
        0 0.0120806   5.81659         0 0.0348995  -9.84346         0         0         0
        0  -5.81659  -2684.58         0  -9.84346   3579.44         0         0         0
0.0274051         0         0         0         0         0 0.0548102         0         0
        0 0.0211411  -17.8133         0         0         0         0 0.0610742   30.1456
        0   17.8133  -14387.7         0         0         0         0   30.1456   19183.6

Cholesky Decomposition L - Matrix
   0.372128           0           0           0           0           0           0           0           0
          0    0.378092           0           0           0           0           0           0           0
   -59.5165    -53.6962     168.577           0           0           0           0           0           0
  0.0420824           0   0.0148573    0.171255           0           0           0           0           0
          0   0.0319515   0.0446815 -0.00387635    0.178514           0           0           0           0
          0     -15.384    -20.8252      1.8067    -47.1359     26.1538           0           0           0
  0.0736441           0   0.0260003  -0.0203521 -0.00694974  0.00958365    0.219446           0           0
          0   0.0559151  -0.0878584  0.00762217   0.0121482  -0.0157003   0.0121869    0.222773           0
          0     47.1136    -70.3409     6.10244     9.30598    -11.9465     9.71652     93.6632     53.6866

L Inverse Matrix
     2.68724           -0  -1.8654e-18 -1.36066e-16   6.0421e-16  2.01504e-18 -7.35842e-17 -1.90339e-15  1.06671e-18
           0      2.64486  1.17824e-18  1.50815e-16  1.11976e-15 -1.33932e-18 -1.03689e-16   2.3757e-16  2.29405e-18
     0.94874     0.842458   0.00593202           -0  5.69993e-16  2.84807e-19 -5.90069e-17 -5.96326e-16  1.10732e-18
   -0.742641   -0.0730876 -0.000514634      5.83923  -9.1059e-16 -8.91227e-19  5.45564e-17   6.0706e-16 -2.89055e-18
   -0.253593    -0.685844  -0.00149594     0.126797      5.60181 -5.39497e-18  4.31598e-17           -0 -1.34874e-18
    0.349703     0.995536    0.0020629    -0.174852      10.0959    0.0382353 -3.39593e-17  2.71674e-16 -1.13706e-18
     -1.1064    -0.171792 -0.000888031     0.553202    -0.263502  -0.00166982      4.55694            0 -1.73634e-18
    0.498579    -0.212134   0.00263265     -0.24929     0.420463   0.00278604     -0.24929      4.48887            0
    0.779649    -0.467333   0.00411678    -0.389824     0.589689   0.00394981    -0.389824     -7.83141    0.0186266

Z Matrix
 7.04886e+06 -1.53672e-10  2.48232e+06 -1.16919e+07      -875202   1.2069e+06 -8.16988e+06  1.95875e+06  3.06297e+06
-1.53672e-10  2.90343e+06       934220     -81048.5      -768445  1.16234e+06      -193303      -225107      -509466
 2.48232e+06       934220  1.26814e+06 -4.16029e+06      -608720       912765 -2.96245e+06       674687  1.01518e+06
-1.16919e+07     -81048.5 -4.16029e+06   2.7101e+07  1.64723e+06 -2.27788e+06   8.2826e+06 -3.25175e+06 -5.08144e+06
     -875202      -768445      -608720  1.64723e+06       364456      -641425       968235      -223041      -308179
  1.2069e+06  1.16234e+06       912765 -2.27788e+06      -641425  1.88301e+06 -1.39247e+06       391987       540787
-8.16988e+06      -193303 -2.96245e+06   8.2826e+06       968235 -1.39247e+06  1.31104e+07 -2.27239e+06 -3.54395e+06
 1.95875e+06      -225107       674687 -3.25175e+06      -223041       391987 -2.27239e+06       604881       975066
 3.06297e+06      -509466  1.01518e+06 -5.08144e+06      -308179       540787 -3.54395e+06       975066  1.69011e+06

Modal Analysis Success !!!!! 
Eigen Values 
     121.03
    937.311
    5437.45
    53353.5
     240775
 1.0724e+06
4.16121e+06
9.93548e+06
4.05045e+07

Global Eigen Vector Matrix
        0         0         0         0         0         0         0         0         0
        0         0         0         0         0         0         0         0         0
        0         0         0         0         0         0         0         0         0
 0.432076  -0.36517  0.039859  0.030869  0.067928   0.02292 -0.025023 -0.302495  0.515894
 -1.6e-05 -0.000141 -0.000607 -0.004824  0.006706 -0.054591 -0.964072 -0.056365  0.058635
 0.000249   2.7e-05 -0.000207  0.000643  0.001044  0.000357 -0.000625 -0.000376  0.000604
  0.43208 -0.365196  0.039876  0.030994  0.069181  0.024886 -0.034992 -0.758227        -1
 0.504329  0.060384        -1 -0.536162 -0.588358         1        -1 -0.128624  0.158394
 0.000253   3.1e-05 -0.000608 -0.000666 -0.001353  0.003965 -0.005224 -0.000757  0.000994
 0.432088 -0.365249   0.03991  0.031254  0.071864  0.029746 -0.092545         1 -0.405171
       -1        -1 -0.314172         1        -1 -0.189148  -0.27574  0.106039 -0.183045
 0.000299  0.000383  0.000219 -0.001736  0.002768  0.000641  0.000867 -0.000398  0.000687

