Global Stiffness Matrix
    263.562           0      395343    -263.562           0      395343           0           0           0
          0      414001           0           0     -414001           0           0           0           0
     395343           0 7.90686e+08     -395343           0 3.95343e+08           0           0           0
   -263.562           0     -395343     1153.08           0      494179    -889.522           0      889522
          0     -414001           0           0   1.035e+06           0           0     -621002           0
     395343           0 3.95343e+08      494179           0 1.97672e+09     -889522           0 5.93015e+08
          0           0           0    -889.522           0     -889522     889.522           0     -889522
          0           0           0           0     -621002           0           0      621002           0
          0           0           0      889522           0 5.93015e+08     -889522           0 1.18603e+09

Global Point Mass Matrix
0 0 0 0 0 0 0 0 0
0 0 0 0 0 0 0 0 0
0 0 0 0 0 0 0 0 0
0 0 0 0 0 0 0 0 0
0 0 0 0 0 0 0 0 0
0 0 0 0 0 0 0 0 0
0 0 0 0 0 0 0 0 0
0 0 0 0 0 0 0 0 0
0 0 0 0 0 0 0 0 0

Global Consistent Mass Matrix
0.0523493         0   22.1478 0.0181209         0  -13.0873         0         0         0
        0 0.0469801         0         0 0.0234901         0         0         0         0
  22.1478         0   12080.6   13.0873         0  -9060.45         0         0         0
0.0181209         0   13.0873 0.0872488         0  -12.3043 0.0120806         0  -5.81659
        0 0.0234901         0         0 0.0783002         0         0   0.01566         0
 -13.0873         0  -9060.45  -12.3043         0     15660   5.81659         0  -2684.58
        0         0         0 0.0120806         0   5.81659 0.0348995         0  -9.84346
        0         0         0         0   0.01566         0         0 0.0313201         0
        0         0         0  -5.81659         0  -2684.58  -9.84346         0   3579.44

Global DOF Matrix
0
0
0
1
1
1
1
1
1

Reduced Global Stiffness Matrix
    1153.08           0      494179    -889.522           0      889522
          0   1.035e+06           0           0     -621002           0
     494179           0 1.97672e+09     -889522           0 5.93015e+08
   -889.522           0     -889522     889.522           0     -889522
          0     -621002           0           0      621002           0
     889522           0 5.93015e+08     -889522           0 1.18603e+09

Reduced Global Mass Matrix
0.0872488         0  -12.3043 0.0120806         0  -5.81659
        0 0.0783002         0         0   0.01566         0
 -12.3043         0     15660   5.81659         0  -2684.58
0.0120806         0   5.81659 0.0348995         0  -9.84346
        0   0.01566         0         0 0.0313201         0
 -5.81659         0  -2684.58  -9.84346         0   3579.44

Cholesky Decomposition L - Matrix
 0.295379         0         0         0         0         0
        0  0.279822         0         0         0         0
  -41.656         0   118.003         0         0         0
0.0408986         0 0.0637292  0.170779         0         0
        0 0.0559644         0         0  0.167893         0
 -19.6919         0  -29.7014  -41.8391         0   23.6428

L Inverse Matrix
    3.38548          -0          -0          -0          -0          -0
          0      3.5737           0           0           0           0
     1.1951          -0  0.00847433          -0          -0          -0
   -1.25674          -0 -0.00316235     5.85553          -0          -0
          0    -1.19123           0           0     5.95617           0
    2.09713           0  0.00504972     10.3621           0   0.0422962

Z Matrix
       13216            0      18843.2     -27830.4            0       112803
           0  1.32184e+07            0            0 -1.76245e+07            0
     18843.2            0       153613      -112200            0       267637
    -27830.4            0      -112200       102051            0      -330445
           0 -1.76245e+07            0            0  3.23116e+07            0
      112803            0       267637      -330445            0  1.78287e+06

Modal Analysis Success !!!!! 
Eigen Values 
    249.799
    10300.2
     141968
1.89924e+06
2.72101e+06
 4.2809e+07

Global Eigen Vector Matrix
        0         0         0         0         0         0
        0         0         0         0         0         0
        0         0         0         0         0         0
 0.461126  0.603336 -0.228856   0.29933         0         0
       -0         0         0         0 -0.807367 -0.557367
 0.000253 -0.000398 -0.001454  0.000768         0         0
        1        -1         1         1         0         0
       -0         0         0         0        -1         1
 0.000275 -0.000969  0.001919  0.004588         0         0

